LoRa Receiver
START REGISTERS
3C 81 1A B 0 52 E4 C0 0 8F 9 2B 23 1 0 0 0 0 0 0 0 0 0 0 10 0 0 0 0 72 70 64 0 8 1 FF 0 0 4 0 0 0 0 0 0 50 14 45 55 C3 5 27 1C A 3 A 42 12 49 1D 0 AF 0 0 0 0 12 24 2D 0 3 0 4 23 0 9 5 84 32 2B 14 0 0 10 0 0 0 F E0 0 C 0 7 0 5C 78 0 1C E 5B CC 0 1 50 0 0 0 0 0 0 0 B D0 0 13 0 0 0 0 0 0 0 0 0 0 0 0 0 
END REGISTERS
LoRa Started
START REGISTERS
96 81 1A B 0 52 E4 C0 0 8F 9 2B 23 2 0 0 0 0 0 0 0 0 0 0 10 0 0 0 0 72 70 64 0 8 1 FF 0 0 4 0 0 0 0 0 0 50 14 45 55 C3 5 27 1C A 3 A 42 12 49 1D 0 AF 0 0 0 0 12 24 2D 0 3 0 4 23 0 9 5 84 32 2B 14 0 0 10 0 0 0 F E0 0 C 0 7 0 5C 78 0 1C E 5B CC 0 1 50 0 0 0 0 0 0 0 B D0 0 13 0 0 0 0 0 0 0 0 0 0 0 0 0 
END REGISTERS
START REGISTERS
3C 86 1A B 0 52 E4 C0 0 8F 9 2B 23 1 0 0 0 0 0 0 0 0 0 0 4 0 0 27 0 72 70 64 0 8 1 FF 0 0 4 0 0 0 0 0 E 50 14 45 55 C3 5 27 1C A 3 A 42 12 49 1D 0 AF 0 0 0 0 12 24 2D 0 3 0 4 23 0 9 5 84 32 2B 14 0 0 10 0 0 0 F E0 0 C 0 7 0 5C 78 0 1C E 5B CC 0 1 50 0 0 0 0 0 0 0 B D0 0 14 0 0 0 0 0 0 0 0 0 0 0 0 0 
END REGISTERS
START REGISTERS
96 86 1A B 0 52 E4 C0 0 8F 9 2B 23 2 0 0 0 0 0 0 0 0 0 0 4 0 0 25 0 72 70 64 0 8 1 FF 0 0 4 0 0 0 0 0 F 50 14 45 55 C3 5 27 1C A 3 A 42 12 49 1D 0 AF 0 0 0 0 12 24 2D 0 3 0 4 23 0 9 5 84 32 2B 14 0 0 10 0 0 0 F E0 0 C 0 7 0 5C 78 0 1C E 5B CC 0 1 50 0 0 0 0 0 0 0 B D0 0 14 0 0 0 0 0 0 0 0 0 0 0 0 0 
END REGISTERS
START REGISTERS
4E 86 1A B 0 52 E4 C0 0 8F 9 2B 23 3 0 0 0 0 0 0 0 0 0 0 4 0 0 25 0 72 70 64 0 8 1 FF 0 0 4 0 0 0 0 0 F 50 14 45 55 C3 5 27 1C A 3 A 42 12 49 1D 0 AF 0 0 0 0 12 24 2D 0 3 0 4 23 0 9 5 84 32 2B 14 0 0 10 0 0 0 F E0 0 C 0 7 0 5C 78 0 1C E 5B CC 0 1 50 0 0 0 0 0 0 0 B D0 0 14 0 0 0 0 0 0 0 0 0 0 0 0 0 
END REGISTERS
START REGISTERS
73 86 1A B 0 52 E4 C0 0 8F 9 2B 23 4 0 0 0 0 0 0 0 0 0 0 4 0 0 27 0 72 70 64 0 8 1 FF 0 0 4 0 0 0 0 0 9 50 14 45 55 C3 5 27 1C A 3 A 42 12 49 1D 0 AF 0 0 0 0 12 24 2D 0 3 0 4 23 0 9 5 84 32 2B 14 0 0 10 0 0 0 F E0 0 C 0 7 0 5C 78 0 1C E 5B CC 0 1 50 0 0 0 0 0 0 0 B D0 0 14 0 0 0 0 0 0 0 0 0 0 0 0 0 
END REGISTERS
START REGISTERS
31 86 1A B 0 52 E4 C0 0 8F 9 2B 23 5 0 0 0 0 0 0 0 0 0 0 4 0 0 27 0 72 70 64 0 8 1 FF 0 0 4 0 0 0 0 0 F 50 14 45 55 C3 5 27 1C A 3 A 42 12 49 1D 0 AF 0 0 0 0 12 24 2D 0 3 0 4 23 0 9 5 84 32 2B 14 0 0 10 0 0 0 F E0 0 C 0 7 0 5C 78 0 1C E 5B CC 0 1 50 0 0 0 0 0 0 0 B D0 0 14 0 0 0 0 0 0 0 0 0 0 0 0 0 
END REGISTERS
START REGISTERS
1C 86 1A B 0 52 E4 C0 0 8F 9 2B 23 6 0 0 0 0 0 0 0 0 0 0 4 0 0 25 0 72 70 64 0 8 1 FF 0 0 4 0 0 0 0 0 7 50 14 45 55 C3 5 27 1C A 3 A 42 12 49 1D 0 AF 0 0 0 0 12 24 2D 0 3 0 4 23 0 9 5 84 32 2B 14 0 0 10 0 0 0 F E0 0 C 0 7 0 5C 78 0 1C E 5B CC 0 1 50 0 0 0 0 0 0 0 B D0 0 14 0 0 0 0 0 0 0 0 0 0 0 0 0 
END REGISTERS
START REGISTERS
A0 86 1A B 0 52 E4 C0 0 8F 9 2B 23 7 0 0 0 0 0 0 0 0 0 0 4 0 0 27 0 72 70 64 0 8 1 FF 0 0 4 0 0 0 0 0 D 50 14 45 55 C3 5 27 1C A 3 A 42 12 49 1D 0 AF 0 0 0 0 12 24 2D 0 3 0 4 23 0 9 5 84 32 2B 14 0 0 10 0 0 0 F E0 0 C 0 7 0 5C 78 0 1C E 5B CC 0 1 50 0 0 0 0 0 0 0 B D0 0 14 0 0 0 0 0 0 0 0 0 0 0 0 0 
END REGISTERS
START REGISTERS
3C 86 1A B 0 52 E4 C0 0 8F 9 2B 23 1 0 0 0 0 0 0 0 0 0 0 4 0 0 25 0 72 70 64 0 8 1 FF 0 0 4 0 0 0 0 0 F 50 14 45 55 C3 5 27 1C A 3 A 42 12 49 1D 0 AF 0 0 0 0 12 24 2D 0 3 0 4 23 0 9 5 84 32 2B 14 0 0 10 0 0 0 F E0 0 C 0 7 0 5C 78 0 1C E 5B CC 0 1 50 0 0 0 0 0 0 0 B D0 0 15 0 0 0 0 0 0 0 0 0 0 0 0 0 
END REGISTERS
START REGISTERS
96 86 1A B 0 52 E4 C0 0 8F 9 2B 23 2 0 0 0 0 0 0 0 0 0 0 4 0 0 28 0 72 70 64 0 8 1 FF 0 0 4 0 0 0 0 0 C 50 14 45 55 C3 5 27 1C A 3 A 42 12 49 1D 0 AF 0 0 0 0 12 24 2D 0 3 0 4 23 0 9 5 84 32 2B 14 0 0 10 0 0 0 F E0 0 C 0 7 0 5C 78 0 1C E 5B CC 0 1 50 0 0 0 0 0 0 0 B D0 0 15 0 0 0 0 0 0 0 0 0 0 0 0 0 
END REGISTERS
START REGISTERS
4E 86 1A B 0 52 E4 C0 0 8F 9 2B 23 3 0 0 0 0 0 0 0 0 0 0 4 0 0 25 0 72 70 64 0 8 1 FF 0 0 4 0 0 0 0 0 8 50 14 45 55 C3 5 27 1C A 3 A 42 12 49 1D 0 AF 0 0 0 0 12 24 2D 0 3 0 4 23 0 9 5 84 32 2B 14 0 0 10 0 0 0 F E0 0 C 0 7 0 5C 78 0 1C E 5B CC 0 1 50 0 0 0 0 0 0 0 B D0 0 15 0 0 0 0 0 0 0 0 0 0 0 0 0 
END REGISTERS
START REGISTERS
73 86 1A B 0 52 E4 C0 0 8F 9 2B 23 4 0 0 0 0 0 0 0 0 0 0 4 0 0 27 0 72 70 64 0 8 1 FF 0 0 4 0 0 0 0 0 E 50 14 45 55 C3 5 27 1C A 3 A 42 12 49 1D 0 AF 0 0 0 0 12 24 2D 0 3 0 4 23 0 9 5 84 32 2B 14 0 0 10 0 0 0 F E0 0 C 0 7 0 5C 78 0 1C E 5B CC 0 1 50 0 0 0 0 0 0 0 B D0 0 15 0 0 0 0 0 0 0 0 0 0 0 0 0 
END REGISTERS
START REGISTERS
31 86 1A B 0 52 E4 C0 0 8F 9 2B 23 5 0 0 0 0 0 0 0 0 0 0 4 0 0 26 0 72 70 64 0 8 1 FF 0 0 4 0 0 0 0 0 7 50 14 45 55 C3 5 27 1C A 3 A 42 12 49 1D 0 AF 0 0 0 0 12 24 2D 0 3 0 4 23 0 9 5 84 32 2B 14 0 0 10 0 0 0 F E0 0 C 0 7 0 5C 78 0 1C E 5B CC 0 1 50 0 0 0 0 0 0 0 B D0 0 15 0 0 0 0 0 0 0 0 0 0 0 0 0 
END REGISTERS
START REGISTERS
1C 86 1A B 0 52 E4 C0 0 8F 9 2B 23 6 0 0 0 0 0 0 0 0 0 0 4 0 0 25 0 72 70 64 0 8 1 FF 0 0 4 0 0 0 0 0 A 50 14 45 55 C3 5 27 1C A 3 A 42 12 49 1D 0 AF 0 0 0 0 12 24 2D 0 3 0 4 23 0 9 5 84 32 2B 14 0 0 10 0 0 0 F E0 0 C 0 7 0 5C 78 0 1C E 5B CC 0 1 50 0 0 0 0 0 0 0 B D0 0 15 0 0 0 0 0 0 0 0 0 0 0 0 0 
END REGISTERS
START REGISTERS
A0 86 1A B 0 52 E4 C0 0 8F 9 2B 23 7 0 0 0 0 0 0 0 0 0 0 4 0 0 25 0 72 70 64 0 8 1 FF 0 0 4 0 0 0 0 0 E 50 14 45 55 C3 5 27 1C A 3 A 42 12 49 1D 0 AF 0 0 0 0 12 24 2D 0 3 0 4 23 0 9 5 84 32 2B 14 0 0 10 0 0 0 F E0 0 C 0 7 0 5C 78 0 1C E 5B CC 0 1 50 0 0 0 0 0 0 0 B D0 0 15 0 0 0 0 0 0 0 0 0 0 0 0 0 
END REGISTERS
START REGISTERS
3C 86 1A B 0 52 E4 C0 0 8F 9 2B 23 1 0 0 0 0 0 0 0 0 0 0 4 0 0 27 0 72 70 64 0 8 1 FF 0 0 4 0 0 0 0 0 9 50 14 45 55 C3 5 27 1C A 3 A 42 12 49 1D 0 AF 0 0 0 0 12 24 2D 0 3 0 4 23 0 9 5 84 32 2B 14 0 0 10 0 0 0 F E0 0 C 0 7 0 5C 78 0 1C E 5B CC 0 1 50 0 0 0 0 0 0 0 B D0 0 15 0 0 0 0 0 0 0 0 0 0 0 0 0 
END REGISTERS
START REGISTERS
96 86 1A B 0 52 E4 C0 0 8F 9 2B 23 2 0 0 0 0 0 0 0 0 0 0 4 0 0 27 0 72 70 64 0 8 1 FF 0 0 4 0 0 0 0 0 9 50 14 45 55 C3 5 27 1C A 3 A 42 12 49 1D 0 AF 0 0 0 0 12 24 2D 0 3 0 4 23 0 9 5 84 32 2B 14 0 0 10 0 0 0 F E0 0 C 0 7 0 5C 78 0 1C E 5B CC 0 1 50 0 0 0 0 0 0 0 B D0 0 15 0 0 0 0 0 0 0 0 0 0 0 0 0 
END REGISTERS
START REGISTERS
4E 86 1A B 0 52 E4 C0 0 8F 9 2B 23 3 0 0 0 0 0 0 0 0 0 0 4 0 0 25 0 72 70 64 0 8 1 FF 0 0 4 0 0 0 0 0 D 50 14 45 55 C3 5 27 1C A 3 A 42 12 49 1D 0 AF 0 0 0 0 12 24 2D 0 3 0 4 23 0 9 5 84 32 2B 14 0 0 10 0 0 0 F E0 0 C 0 7 0 5C 78 0 1C E 5B CC 0 1 50 0 0 0 0 0 0 0 B D0 0 15 0 0 0 0 0 0 0 0 0 0 0 0 0 
END REGISTERS
START REGISTERS
73 86 1A B 0 52 E4 C0 0 8F 9 2B 23 4 0 0 0 0 0 0 0 0 0 0 4 0 0 25 0 72 70 64 0 8 1 FF 0 0 4 0 0 0 0 0 8 50 14 45 55 C3 5 27 1C A 3 A 42 12 49 1D 0 AF 0 0 0 0 12 24 2D 0 3 0 4 23 0 9 5 84 32 2B 14 0 0 10 0 0 0 F E0 0 C 0 7 0 5C 78 0 1C E 5B CC 0 1 50 0 0 0 0 0 0 0 B D0 0 15 0 0 0 0 0 0 0 0 0 0 0 0 0 
END REGISTERS
START REGISTERS
31 86 1A B 0 52 E4 C0 0 8F 9 2B 23 5 0 0 0 0 0 0 0 0 0 0 4 0 0 27 0 72 70 64 0 8 1 FF 0 0 4 0 0 0 0 0 C 50 14 45 55 C3 5 27 1C A 3 A 42 12 49 1D 0 AF 0 0 0 0 12 24 2D 0 3 0 4 23 0 9 5 84 32 2B 14 0 0 10 0 0 0 F E0 0 C 0 7 0 5C 78 0 1C E 5B CC 0 1 50 0 0 0 0 0 0 0 B D0 0 15 0 0 0 0 0 0 0 0 0 0 0 0 0 
END REGISTERS
START REGISTERS
1C 86 1A B 0 52 E4 C0 0 8F 9 2B 23 6 0 0 0 0 0 0 0 0 0 0 4 0 0 24 0 72 70 64 0 8 1 FF 0 0 4 0 0 0 0 0 F 50 14 45 55 C3 5 27 1C A 3 A 42 12 49 1D 0 AF 0 0 0 0 12 24 2D 0 3 0 4 23 0 9 5 84 32 2B 14 0 0 10 0 0 0 F E0 0 C 0 7 0 5C 78 0 1C E 5B CC 0 1 50 0 0 0 0 0 0 0 B D0 0 15 0 0 0 0 0 0 0 0 0 0 0 0 0 
END REGISTERS
START REGISTERS
A0 86 1A B 0 52 E4 C0 0 8F 9 2B 23 7 0 0 0 0 0 0 0 0 0 0 4 0 0 27 0 72 70 64 0 8 1 FF 0 0 4 0 0 0 0 0 B 50 14 45 55 C3 5 27 1C A 3 A 42 12 49 1D 0 AF 0 0 0 0 12 24 2D 0 3 0 4 23 0 9 5 84 32 2B 14 0 0 10 0 0 0 F E0 0 C 0 7 0 5C 78 0 1C E 5B CC 0 1 50 0 0 0 0 0 0 0 B D0 0 15 0 0 0 0 0 0 0 0 0 0 0 0 0 
END REGISTERS
START REGISTERS
3C 86 1A B 0 52 E4 C0 0 8F 9 2B 23 1 0 0 0 0 0 0 0 0 0 0 4 0 0 27 0 72 70 64 0 8 1 FF 0 0 4 0 0 0 0 0 E 50 14 45 55 C3 5 27 1C A 3 A 42 12 49 1D 0 AF 0 0 0 0 12 24 2D 0 3 0 4 23 0 9 5 84 32 2B 14 0 0 10 0 0 0 F E0 0 C 0 7 0 5C 78 0 1C E 5B CC 0 1 50 0 0 0 0 0 0 0 B D0 0 15 0 0 0 0 0 0 0 0 0 0 0 0 0 
END REGISTERS
START REGISTERS
96 86 1A B 0 52 E4 C0 0 8F 9 2B 23 2 0 0 0 0 0 0 0 0 0 0 4 0 0 25 0 72 70 64 0 8 1 FF 0 0 4 0 0 0 0 0 D 50 14 45 55 C3 5 27 1C A 3 A 42 12 49 1D 0 AF 0 0 0 0 12 24 2D 0 3 0 4 23 0 9 5 84 32 2B 14 0 0 10 0 0 0 F E0 0 C 0 7 0 5C 78 0 1C E 5B CC 0 1 50 0 0 0 0 0 0 0 B D0 0 15 0 0 0 0 0 0 0 0 0 0 0 0 0 
END REGISTERS
START REGISTERS
4E 86 1A B 0 52 E4 C0 0 8F 9 2B 23 3 0 0 0 0 0 0 0 0 0 0 4 0 0 27 0 72 70 64 0 8 1 FF 0 0 4 0 0 0 0 0 F 50 14 45 55 C3 5 27 1C A 3 A 42 12 49 1D 0 AF 0 0 0 0 12 24 2D 0 3 0 4 23 0 9 5 84 32 2B 14 0 0 10 0 0 0 F E0 0 C 0 7 0 5C 78 0 1C E 5B CC 0 1 50 0 0 0 0 0 0 0 B D0 0 15 0 0 0 0 0 0 0 0 0 0 0 0 0 
END REGISTERS
START REGISTERS
73 86 1A B 0 52 E4 C0 0 8F 9 2B 23 4 0 0 0 0 0 0 0 0 0 0 4 0 0 25 0 72 70 64 0 8 1 FF 0 0 4 0 0 0 0 0 D 50 14 45 55 C3 5 27 1C A 3 A 42 12 49 1D 0 AF 0 0 0 0 12 24 2D 0 3 0 4 23 0 9 5 84 32 2B 14 0 0 10 0 0 0 F E0 0 C 0 7 0 5C 78 0 1C E 5B CC 0 1 50 0 0 0 0 0 0 0 B D0 0 15 0 0 0 0 0 0 0 0 0 0 0 0 0 
END REGISTERS
START REGISTERS
31 86 1A B 0 52 E4 C0 0 8F 9 2B 23 5 0 0 0 0 0 0 0 0 0 0 4 0 0 27 0 72 70 64 0 8 1 FF 0 0 4 0 0 0 0 0 F 50 14 45 55 C3 5 27 1C A 3 A 42 12 49 1D 0 AF 0 0 0 0 12 24 2D 0 3 0 4 23 0 9 5 84 32 2B 14 0 0 10 0 0 0 F E0 0 C 0 7 0 5C 78 0 1C E 5B CC 0 1 50 0 0 0 0 0 0 0 B D0 0 15 0 0 0 0 0 0 0 0 0 0 0 0 0 
END REGISTERS
START REGISTERS
1C 86 1A B 0 52 E4 C0 0 8F 9 2B 23 6 0 0 0 0 0 0 0 0 0 0 4 0 0 29 0 72 70 64 0 8 1 FF 0 0 4 0 0 0 0 0 D 50 14 45 55 C3 5 27 1C A 3 A 42 12 49 1D 0 AF 0 0 0 0 12 24 2D 0 3 0 4 23 0 9 5 84 32 2B 14 0 0 10 0 0 0 F E0 0 C 0 7 0 5C 78 0 1C E 5B CC 0 1 50 0 0 0 0 0 0 0 B D0 0 15 0 0 0 0 0 0 0 0 0 0 0 0 0 
END REGISTERS
START REGISTERS
A0 86 1A B 0 52 E4 C0 0 8F 9 2B 23 7 0 0 0 0 0 0 0 0 0 0 4 0 0 29 0 72 70 64 0 8 1 FF 0 0 4 0 0 0 0 0 D 50 14 45 55 C3 5 27 1C A 3 A 42 12 49 1D 0 AF 0 0 0 0 12 24 2D 0 3 0 4 23 0 9 5 84 32 2B 14 0 0 10 0 0 0 F E0 0 C 0 7 0 5C 78 0 1C E 5B CC 0 1 50 0 0 0 0 0 0 0 B D0 0 15 0 0 0 0 0 0 0 0 0 0 0 0 0 
END REGISTERS
START REGISTERS
3C 86 1A B 0 52 E4 C0 0 8F 9 2B 23 1 0 0 0 0 0 0 0 0 0 0 4 0 0 27 0 72 70 64 0 8 1 FF 0 0 4 0 0 0 0 0 C 50 14 45 55 C3 5 27 1C A 3 A 42 12 49 1D 0 AF 0 0 0 0 12 24 2D 0 3 0 4 23 0 9 5 84 32 2B 14 0 0 10 0 0 0 F E0 0 C 0 7 0 5C 78 0 1C E 5B CC 0 1 50 0 0 0 0 0 0 0 B D0 0 14 0 0 0 0 0 0 0 0 0 0 0 0 0 
END REGISTERS
START REGISTERS
96 86 1A B 0 52 E4 C0 0 8F 9 2B 23 2 0 0 0 0 0 0 0 0 0 0 4 0 0 26 0 72 70 64 0 8 1 FF 0 0 4 0 0 0 0 0 A 50 14 45 55 C3 5 27 1C A 3 A 42 12 49 1D 0 AF 0 0 0 0 12 24 2D 0 3 0 4 23 0 9 5 84 32 2B 14 0 0 10 0 0 0 F E0 0 C 0 7 0 5C 78 0 1C E 5B CC 0 1 50 0 0 0 0 0 0 0 B D0 0 14 0 0 0 0 0 0 0 0 0 0 0 0 0 
END REGISTERS
START REGISTERS
4E 86 1A B 0 52 E4 C0 0 8F 9 2B 23 3 0 0 0 0 0 0 0 0 0 0 4 0 0 25 0 72 70 64 0 8 1 FF 0 0 4 0 0 0 0 0 E 50 14 45 55 C3 5 27 1C A 3 A 42 12 49 1D 0 AF 0 0 0 0 12 24 2D 0 3 0 4 23 0 9 5 84 32 2B 14 0 0 10 0 0 0 F E0 0 C 0 7 0 5C 78 0 1C E 5B CC 0 1 50 0 0 0 0 0 0 0 B D0 0 14 0 0 0 0 0 0 0 0 0 0 0 0 0 
END REGISTERS
START REGISTERS
73 86 1A B 0 52 E4 C0 0 8F 9 2B 23 4 0 0 0 0 0 0 0 0 0 0 4 0 0 27 0 72 70 64 0 8 1 FF 0 0 4 0 0 0 0 0 F 50 14 45 55 C3 5 27 1C A 3 A 42 12 49 1D 0 AF 0 0 0 0 12 24 2D 0 3 0 4 23 0 9 5 84 32 2B 14 0 0 10 0 0 0 F E0 0 C 0 7 0 5C 78 0 1C E 5B CC 0 1 50 0 0 0 0 0 0 0 B D0 0 14 0 0 0 0 0 0 0 0 0 0 0 0 0 
END REGISTERS
START REGISTERS
31 86 1A B 0 52 E4 C0 0 8F 9 2B 23 5 0 0 0 0 0 0 0 0 0 0 4 0 0 2B 0 72 70 64 0 8 1 FF 0 0 4 0 0 0 0 0 D 50 14 45 55 C3 5 27 1C A 3 A 42 12 49 1D 0 AF 0 0 0 0 12 24 2D 0 3 0 4 23 0 9 5 84 32 2B 14 0 0 10 0 0 0 F E0 0 C 0 7 0 5C 78 0 1C E 5B CC 0 1 50 0 0 0 0 0 0 0 B D0 0 14 0 0 0 0 0 0 0 0 0 0 0 0 0 
END REGISTERS
START REGISTERS
1C 86 1A B 0 52 E4 C0 0 8F 9 2B 23 6 0 0 0 0 0 0 0 0 0 0 4 0 0 28 0 72 70 64 0 8 1 FF 0 0 4 0 0 0 0 0 C 50 14 45 55 C3 5 27 1C A 3 A 42 12 49 1D 0 AF 0 0 0 0 12 24 2D 0 3 0 4 23 0 9 5 84 32 2B 14 0 0 10 0 0 0 F E0 0 C 0 7 0 5C 78 0 1C E 5B CC 0 1 50 0 0 0 0 0 0 0 B D0 0 14 0 0 0 0 0 0 0 0 0 0 0 0 0 
END REGISTERS
START REGISTERS
A0 86 1A B 0 52 E4 C0 0 8F 9 2B 23 7 0 0 0 0 0 0 0 0 0 0 4 0 0 27 0 72 70 64 0 8 1 FF 0 0 4 0 0 0 0 0 F 50 14 45 55 C3 5 27 1C A 3 A 42 12 49 1D 0 AF 0 0 0 0 12 24 2D 0 3 0 4 23 0 9 5 84 32 2B 14 0 0 10 0 0 0 F E0 0 C 0 7 0 5C 78 0 1C E 5B CC 0 1 50 0 0 0 0 0 0 0 B D0 0 14 0 0 0 0 0 0 0 0 0 0 0 0 0 
END REGISTERS
START REGISTERS
3C 86 1A B 0 52 E4 C0 0 8F 9 2B 23 1 0 0 0 0 0 0 0 0 0 0 4 0 0 25 0 72 70 64 0 8 1 FF 0 0 4 0 0 0 0 0 F 50 14 45 55 C3 5 27 1C A 3 A 42 12 49 1D 0 AF 0 0 0 0 12 24 2D 0 3 0 4 23 0 9 5 84 32 2B 14 0 0 10 0 0 0 F E0 0 C 0 7 0 5C 78 0 1C E 5B CC 0 1 50 0 0 0 0 0 0 0 B D0 0 15 0 0 0 0 0 0 0 0 0 0 0 0 0 
END REGISTERS
START REGISTERS
96 86 1A B 0 52 E4 C0 0 8F 9 2B 23 2 0 0 0 0 0 0 0 0 0 0 4 0 0 27 0 72 70 64 0 8 1 FF 0 0 4 0 0 0 0 0 C 50 14 45 55 C3 5 27 1C A 3 A 42 12 49 1D 0 AF 0 0 0 0 12 24 2D 0 3 0 4 23 0 9 5 84 32 2B 14 0 0 10 0 0 0 F E0 0 C 0 7 0 5C 78 0 1C E 5B CC 0 1 50 0 0 0 0 0 0 0 B D0 0 15 0 0 0 0 0 0 0 0 0 0 0 0 0 
END REGISTERS
START REGISTERS
4E 86 1A B 0 52 E4 C0 0 8F 9 2B 23 3 0 0 0 0 0 0 0 0 0 0 4 0 0 2E 0 72 70 64 0 8 1 FF 0 0 4 0 0 0 0 0 E 50 14 45 55 C3 5 27 1C A 3 A 42 12 49 1D 0 AF 0 0 0 0 12 24 2D 0 3 0 4 23 0 9 5 84 32 2B 14 0 0 10 0 0 0 F E0 0 C 0 7 0 5C 78 0 1C E 5B CC 0 1 50 0 0 0 0 0 0 0 B D0 0 15 0 0 0 0 0 0 0 0 0 0 0 0 0 
END REGISTERS
START REGISTERS
73 86 1A B 0 52 E4 C0 0 8F 9 2B 23 4 0 0 0 0 0 0 0 0 0 0 4 0 0 27 0 72 70 64 0 8 1 FF 0 0 4 0 0 0 0 0 B 50 14 45 55 C3 5 27 1C A 3 A 42 12 49 1D 0 AF 0 0 0 0 12 24 2D 0 3 0 4 23 0 9 5 84 32 2B 14 0 0 10 0 0 0 F E0 0 C 0 7 0 5C 78 0 1C E 5B CC 0 1 50 0 0 0 0 0 0 0 B D0 0 15 0 0 0 0 0 0 0 0 0 0 0 0 0 
END REGISTERS
START REGISTERS
31 86 1A B 0 52 E4 C0 0 8F 9 2B 23 5 0 0 0 0 0 0 0 0 0 0 4 0 0 27 0 72 70 64 0 8 1 FF 0 0 4 0 0 0 0 0 E 50 14 45 55 C3 5 27 1C A 3 A 42 12 49 1D 0 AF 0 0 0 0 12 24 2D 0 3 0 4 23 0 9 5 84 32 2B 14 0 0 10 0 0 0 F E0 0 C 0 7 0 5C 78 0 1C E 5B CC 0 1 50 0 0 0 0 0 0 0 B D0 0 15 0 0 0 0 0 0 0 0 0 0 0 0 0 
END REGISTERS
START REGISTERS
1C 86 1A B 0 52 E4 C0 0 8F 9 2B 23 6 0 0 0 0 0 0 0 0 0 0 4 0 0 27 0 72 70 64 0 8 1 FF 0 0 4 0 0 0 0 0 E 50 14 45 55 C3 5 27 1C A 3 A 42 12 49 1D 0 AF 0 0 0 0 12 24 2D 0 3 0 4 23 0 9 5 84 32 2B 14 0 0 10 0 0 0 F E0 0 C 0 7 0 5C 78 0 1C E 5B CC 0 1 50 0 0 0 0 0 0 0 B D0 0 15 0 0 0 0 0 0 0 0 0 0 0 0 0 
END REGISTERS
START REGISTERS
A0 86 1A B 0 52 E4 C0 0 8F 9 2B 23 7 0 0 0 0 0 0 0 0 0 0 4 0 0 28 0 72 70 64 0 8 1 FF 0 0 4 0 0 0 0 0 C 50 14 45 55 C3 5 27 1C A 3 A 42 12 49 1D 0 AF 0 0 0 0 12 24 2D 0 3 0 4 23 0 9 5 84 32 2B 14 0 0 10 0 0 0 F E0 0 C 0 7 0 5C 78 0 1C E 5B CC 0 1 50 0 0 0 0 0 0 0 B D0 0 15 0 0 0 0 0 0 0 0 0 0 0 0 0 
END REGISTERS
START REGISTERS
3C 86 1A B 0 52 E4 C0 0 8F 9 2B 23 1 0 0 0 0 0 0 0 0 0 0 4 0 0 27 0 72 70 64 0 8 1 FF 0 0 4 0 0 0 0 0 C 50 14 45 55 C3 5 27 1C A 3 A 42 12 49 1D 0 AF 0 0 0 0 12 24 2D 0 3 0 4 23 0 9 5 84 32 2B 14 0 0 10 0 0 0 F E0 0 C 0 7 0 5C 78 0 1C E 5B CC 0 1 50 0 0 0 0 0 0 0 B D0 0 15 0 0 0 0 0 0 0 0 0 0 0 0 0 
END REGISTERS
START REGISTERS
96 86 1A B 0 52 E4 C0 0 8F 9 2B 23 2 0 0 0 0 0 0 0 0 0 0 4 0 0 28 0 72 70 64 0 8 1 FF 0 0 4 0 0 0 0 0 C 50 14 45 55 C3 5 27 1C A 3 A 42 12 49 1D 0 AF 0 0 0 0 12 24 2D 0 3 0 4 23 0 9 5 84 32 2B 14 0 0 10 0 0 0 F E0 0 C 0 7 0 5C 78 0 1C E 5B CC 0 1 50 0 0 0 0 0 0 0 B D0 0 15 0 0 0 0 0 0 0 0 0 0 0 0 0 
END REGISTERS
START REGISTERS
4E 86 1A B 0 52 E4 C0 0 8F 9 2B 23 3 0 0 0 0 0 0 0 0 0 0 4 0 0 27 0 72 70 64 0 8 1 FF 0 0 4 0 0 0 0 0 F 50 14 45 55 C3 5 27 1C A 3 A 42 12 49 1D 0 AF 0 0 0 0 12 24 2D 0 3 0 4 23 0 9 5 84 32 2B 14 0 0 10 0 0 0 F E0 0 C 0 7 0 5C 78 0 1C E 5B CC 0 1 50 0 0 0 0 0 0 0 B D0 0 15 0 0 0 0 0 0 0 0 0 0 0 0 0 
END REGISTERS
START REGISTERS
73 86 1A B 0 52 E4 C0 0 8F 9 2B 23 4 0 0 0 0 0 0 0 0 0 0 4 0 0 28 0 72 70 64 0 8 1 FF 0 0 4 0 0 0 0 0 A 50 14 45 55 C3 5 27 1C A 3 A 42 12 49 1D 0 AF 0 0 0 0 12 24 2D 0 3 0 4 23 0 9 5 84 32 2B 14 0 0 10 0 0 0 F E0 0 C 0 7 0 5C 78 0 1C E 5B CC 0 1 50 0 0 0 0 0 0 0 B D0 0 15 0 0 0 0 0 0 0 0 0 0 0 0 0 
END REGISTERS
START REGISTERS
31 86 1A B 0 52 E4 C0 0 8F 9 2B 23 5 0 0 0 0 0 0 0 0 0 0 4 0 0 27 0 72 70 64 0 8 1 FF 0 0 4 0 0 0 0 0 1F 50 14 45 55 C3 5 27 1C A 3 A 42 12 49 1D 0 AF 0 0 0 0 12 24 2D 0 3 0 4 23 0 9 5 84 32 2B 14 0 0 10 0 0 0 F E0 0 C 0 7 0 5C 78 0 1C E 5B CC 0 1 50 0 0 0 0 0 0 0 B D0 0 15 0 0 0 0 0 0 0 0 0 0 0 0 0 
END REGISTERS
START REGISTERS
1C 86 1A B 0 52 E4 C0 0 8F 9 2B 23 6 0 0 0 0 0 0 0 0 0 0 4 0 0 28 0 72 70 64 0 8 1 FF 0 0 4 0 0 0 0 0 D 50 14 45 55 C3 5 27 1C A 3 A 42 12 49 1D 0 AF 0 0 0 0 12 24 2D 0 3 0 4 23 0 9 5 84 32 2B 14 0 0 10 0 0 0 F E0 0 C 0 7 0 5C 78 0 1C E 5B CC 0 1 50 0 0 0 0 0 0 0 B D0 0 15 0 0 0 0 0 0 0 0 0 0 0 0 0 
END REGISTERS
START REGISTERS
A0 86 1A B 0 52 E4 C0 0 8F 9 2B 23 7 0 0 0 0 0 0 0 0 0 0 4 0 0 27 0 72 70 64 0 8 1 FF 0 0 4 0 0 0 0 0 C 50 14 45 55 C3 5 27 1C A 3 A 42 12 49 1D 0 AF 0 0 0 0 12 24 2D 0 3 0 4 23 0 9 5 84 32 2B 14 0 0 10 0 0 0 F E0 0 C 0 7 0 5C 78 0 1C E 5B CC 0 1 50 0 0 0 0 0 0 0 B D0 0 15 0 0 0 0 0 0 0 0 0 0 0 0 0 
END REGISTERS
START REGISTERS
3C 86 1A B 0 52 E4 C0 0 8F 9 2B 23 1 0 0 0 0 0 0 0 0 0 0 4 0 0 27 0 72 70 64 0 8 1 FF 0 0 4 0 0 0 0 0 F 50 14 45 55 C3 5 27 1C A 3 A 42 12 49 1D 0 AF 0 0 0 0 12 24 2D 0 3 0 4 23 0 9 5 84 32 2B 14 0 0 10 0 0 0 F E0 0 C 0 7 0 5C 78 0 1C E 5B CC 0 1 50 0 0 0 0 0 0 0 B D0 0 15 0 0 0 0 0 0 0 0 0 0 0 0 0 
END REGISTERS
START REGISTERS
96 86 1A B 0 52 E4 C0 0 8F 9 2B 23 2 0 0 0 0 0 0 0 0 0 0 4 0 0 28 0 72 70 64 0 8 1 FF 0 0 4 0 0 0 0 0 C 50 14 45 55 C3 5 27 1C A 3 A 42 12 49 1D 0 AF 0 0 0 0 12 24 2D 0 3 0 4 23 0 9 5 84 32 2B 14 0 0 10 0 0 0 F E0 0 C 0 7 0 5C 78 0 1C E 5B CC 0 1 50 0 0 0 0 0 0 0 B D0 0 15 0 0 0 0 0 0 0 0 0 0 0 0 0 
END REGISTERS
START REGISTERS
4E 86 1A B 0 52 E4 C0 0 8F 9 2B 23 3 0 0 0 0 0 0 0 0 0 0 4 0 0 27 0 72 70 64 0 8 1 FF 0 0 4 0 0 0 0 0 F 50 14 45 55 C3 5 27 1C A 3 A 42 12 49 1D 0 AF 0 0 0 0 12 24 2D 0 3 0 4 23 0 9 5 84 32 2B 14 0 0 10 0 0 0 F E0 0 C 0 7 0 5C 78 0 1C E 5B CC 0 1 50 0 0 0 0 0 0 0 B D0 0 15 0 0 0 0 0 0 0 0 0 0 0 0 0 
END REGISTERS
START REGISTERS
73 86 1A B 0 52 E4 C0 0 8F 9 2B 23 4 0 0 0 0 0 0 0 0 0 0 4 0 0 24 0 72 70 64 0 8 1 FF 0 0 4 0 0 0 0 0 F 50 14 45 55 C3 5 27 1C A 3 A 42 12 49 1D 0 AF 0 0 0 0 12 24 2D 0 3 0 4 23 0 9 5 84 32 2B 14 0 0 10 0 0 0 F E0 0 C 0 7 0 5C 78 0 1C E 5B CC 0 1 50 0 0 0 0 0 0 0 B D0 0 15 0 0 0 0 0 0 0 0 0 0 0 0 0 
END REGISTERS
START REGISTERS
31 86 1A B 0 52 E4 C0 0 8F 9 2B 23 5 0 0 0 0 0 0 0 0 0 0 4 0 0 27 0 72 70 64 0 8 1 FF 0 0 4 0 0 0 0 0 B 50 14 45 55 C3 5 27 1C A 3 A 42 12 49 1D 0 AF 0 0 0 0 12 24 2D 0 3 0 4 23 0 9 5 84 32 2B 14 0 0 10 0 0 0 F E0 0 C 0 7 0 5C 78 0 1C E 5B CC 0 1 50 0 0 0 0 0 0 0 B D0 0 15 0 0 0 0 0 0 0 0 0 0 0 0 0 
END REGISTERS
START REGISTERS
1C 86 1A B 0 52 E4 C0 0 8F 9 2B 23 6 0 0 0 0 0 0 0 0 0 0 4 0 0 27 0 72 70 64 0 8 1 FF 0 0 4 0 0 0 0 0 8 50 14 45 55 C3 5 27 1C A 3 A 42 12 49 1D 0 AF 0 0 0 0 12 24 2D 0 3 0 4 23 0 9 5 84 32 2B 14 0 0 10 0 0 0 F E0 0 C 0 7 0 5C 78 0 1C E 5B CC 0 1 50 0 0 0 0 0 0 0 B D0 0 15 0 0 0 0 0 0 0 0 0 0 0 0 0 
END REGISTERS
START REGISTERS
A0 86 1A B 0 52 E4 C0 0 8F 9 2B 23 7 0 0 0 0 0 0 0 0 0 0 4 0 0 27 0 72 70 64 0 8 1 FF 0 0 4 0 0 0 0 0 D 50 14 45 55 C3 5 27 1C A 3 A 42 12 49 1D 0 AF 0 0 0 0 12 24 2D 0 3 0 4 23 0 9 5 84 32 2B 14 0 0 10 0 0 0 F E0 0 C 0 7 0 5C 78 0 1C E 5B CC 0 1 50 0 0 0 0 0 0 0 B D0 0 15 0 0 0 0 0 0 0 0 0 0 0 0 0 
END REGISTERS
START REGISTERS
3C 86 1A B 0 52 E4 C0 0 8F 9 2B 23 1 0 0 0 0 0 0 0 0 0 0 4 0 0 27 0 72 70 64 0 8 1 FF 0 0 4 0 0 0 0 0 A 50 14 45 55 C3 5 27 1C A 3 A 42 12 49 1D 0 AF 0 0 0 0 12 24 2D 0 3 0 4 23 0 9 5 84 32 2B 14 0 0 10 0 0 0 F E0 0 C 0 7 0 5C 78 0 1C E 5B CC 0 1 50 0 0 0 0 0 0 0 B D0 0 15 0 0 0 0 0 0 0 0 0 0 0 0 0 
END REGISTERS
START REGISTERS
96 86 1A B 0 52 E4 C0 0 8F 9 2B 23 2 0 0 0 0 0 0 0 0 0 0 4 0 0 28 0 72 70 64 0 8 1 FF 0 0 4 0 0 0 0 0 E 50 14 45 55 C3 5 27 1C A 3 A 42 12 49 1D 0 AF 0 0 0 0 12 24 2D 0 3 0 4 23 0 9 5 84 32 2B 14 0 0 10 0 0 0 F E0 0 C 0 7 0 5C 78 0 1C E 5B CC 0 1 50 0 0 0 0 0 0 0 B D0 0 15 0 0 0 0 0 0 0 0 0 0 0 0 0 
END REGISTERS
START REGISTERS
4E 86 1A B 0 52 E4 C0 0 8F 9 2B 23 3 0 0 0 0 0 0 0 0 0 0 4 0 0 28 0 72 70 64 0 8 1 FF 0 0 4 0 0 0 0 0 D 50 14 45 55 C3 5 27 1C A 3 A 42 12 49 1D 0 AF 0 0 0 0 12 24 2D 0 3 0 4 23 0 9 5 84 32 2B 14 0 0 10 0 0 0 F E0 0 C 0 7 0 5C 78 0 1C E 5B CC 0 1 50 0 0 0 0 0 0 0 B D0 0 15 0 0 0 0 0 0 0 0 0 0 0 0 0 
END REGISTERS
START REGISTERS
73 86 1A B 0 52 E4 C0 0 8F 9 2B 23 4 0 0 0 0 0 0 0 0 0 0 4 0 0 20 0 72 70 64 0 8 1 FF 0 0 4 0 0 0 0 0 1C 50 14 45 55 C3 5 27 1C A 3 A 42 12 49 1D 0 AF 0 0 0 0 12 24 2D 0 3 0 4 23 0 9 5 84 32 2B 14 0 0 10 0 0 0 F E0 0 C 0 7 0 5C 78 0 1C E 5B CC 0 1 50 0 0 0 0 0 0 0 B D0 0 15 0 0 0 0 0 0 0 0 0 0 0 0 0 
END REGISTERS
START REGISTERS
31 86 1A B 0 52 E4 C0 0 8F 9 2B 23 5 0 0 0 0 0 0 0 0 0 0 4 0 0 27 0 72 70 64 0 8 1 FF 0 0 4 0 0 0 0 0 C 50 14 45 55 C3 5 27 1C A 3 A 42 12 49 1D 0 AF 0 0 0 0 12 24 2D 0 3 0 4 23 0 9 5 84 32 2B 14 0 0 10 0 0 0 F E0 0 C 0 7 0 5C 78 0 1C E 5B CC 0 1 50 0 0 0 0 0 0 0 B D0 0 15 0 0 0 0 0 0 0 0 0 0 0 0 0 
END REGISTERS
START REGISTERS
1C 86 1A B 0 52 E4 C0 0 8F 9 2B 23 6 0 0 0 0 0 0 0 0 0 0 4 0 0 25 0 72 70 64 0 8 1 FF 0 0 4 0 0 0 0 0 A 50 14 45 55 C3 5 27 1C A 3 A 42 12 49 1D 0 AF 0 0 0 0 12 24 2D 0 3 0 4 23 0 9 5 84 32 2B 14 0 0 10 0 0 0 F E0 0 C 0 7 0 5C 78 0 1C E 5B CC 0 1 50 0 0 0 0 0 0 0 B D0 0 15 0 0 0 0 0 0 0 0 0 0 0 0 0 
END REGISTERS
START REGISTERS
A0 86 1A B 0 52 E4 C0 0 8F 9 2B 23 7 0 0 0 0 0 0 0 0 0 0 4 0 0 21 0 72 70 64 0 8 1 FF 0 0 4 0 0 0 0 0 5 50 14 45 55 C3 5 27 1C A 3 A 42 12 49 1D 0 AF 0 0 0 0 12 24 2D 0 3 0 4 23 0 9 5 84 32 2B 14 0 0 10 0 0 0 F E0 0 C 0 7 0 5C 78 0 1C E 5B CC 0 1 50 0 0 0 0 0 0 0 B D0 0 15 0 0 0 0 0 0 0 0 0 0 0 0 0 
END REGISTERS
START REGISTERS
3C 86 1A B 0 52 E4 C0 0 8F 9 2B 23 1 0 0 0 0 0 0 0 0 0 0 4 0 0 27 0 72 70 64 0 8 1 FF 0 0 4 0 0 0 0 0 C 50 14 45 55 C3 5 27 1C A 3 A 42 12 49 1D 0 AF 0 0 0 0 12 24 2D 0 3 0 4 23 0 9 5 84 32 2B 14 0 0 10 0 0 0 F E0 0 C 0 7 0 5C 78 0 1C E 5B CC 0 1 50 0 0 0 0 0 0 0 B D0 0 15 0 0 0 0 0 0 0 0 0 0 0 0 0 
END REGISTERS
START REGISTERS
96 86 1A B 0 52 E4 C0 0 8F 9 2B 23 2 0 0 0 0 0 0 0 0 0 0 4 0 0 24 0 72 70 64 0 8 1 FF 0 0 4 0 0 0 0 0 A 50 14 45 55 C3 5 27 1C A 3 A 42 12 49 1D 0 AF 0 0 0 0 12 24 2D 0 3 0 4 23 0 9 5 84 32 2B 14 0 0 10 0 0 0 F E0 0 C 0 7 0 5C 78 0 1C E 5B CC 0 1 50 0 0 0 0 0 0 0 B D0 0 15 0 0 0 0 0 0 0 0 0 0 0 0 0 
END REGISTERS
START REGISTERS
4E 86 1A B 0 52 E4 C0 0 8F 9 2B 23 3 0 0 0 0 0 0 0 0 0 0 4 0 0 27 0 72 70 64 0 8 1 FF 0 0 4 0 0 0 0 0 E 50 14 45 55 C3 5 27 1C A 3 A 42 12 49 1D 0 AF 0 0 0 0 12 24 2D 0 3 0 4 23 0 9 5 84 32 2B 14 0 0 10 0 0 0 F E0 0 C 0 7 0 5C 78 0 1C E 5B CC 0 1 50 0 0 0 0 0 0 0 B D0 0 15 0 0 0 0 0 0 0 0 0 0 0 0 0 
END REGISTERS
START REGISTERS
73 86 1A B 0 52 E4 C0 0 8F 9 2B 23 4 0 0 0 0 0 0 0 0 0 0 4 0 0 2B 0 72 70 64 0 8 1 FF 0 0 4 0 0 0 0 0 A 50 14 45 55 C3 5 27 1C A 3 A 42 12 49 1D 0 AF 0 0 0 0 12 24 2D 0 3 0 4 23 0 9 5 84 32 2B 14 0 0 10 0 0 0 F E0 0 C 0 7 0 5C 78 0 1C E 5B CC 0 1 50 0 0 0 0 0 0 0 B D0 0 15 0 0 0 0 0 0 0 0 0 0 0 0 0 
END REGISTERS
START REGISTERS
31 86 1A B 0 52 E4 C0 0 8F 9 2B 23 5 0 0 0 0 0 0 0 0 0 0 4 0 0 27 0 72 70 64 0 8 1 FF 0 0 4 0 0 0 0 0 F 50 14 45 55 C3 5 27 1C A 3 A 42 12 49 1D 0 AF 0 0 0 0 12 24 2D 0 3 0 4 23 0 9 5 84 32 2B 14 0 0 10 0 0 0 F E0 0 C 0 7 0 5C 78 0 1C E 5B CC 0 1 50 0 0 0 0 0 0 0 B D0 0 15 0 0 0 0 0 0 0 0 0 0 0 0 0 
END REGISTERS
START REGISTERS
1C 86 1A B 0 52 E4 C0 0 8F 9 2B 23 6 0 0 0 0 0 0 0 0 0 0 4 0 0 25 0 72 70 64 0 8 1 FF 0 0 4 0 0 0 0 0 9 50 14 45 55 C3 5 27 1C A 3 A 42 12 49 1D 0 AF 0 0 0 0 12 24 2D 0 3 0 4 23 0 9 5 84 32 2B 14 0 0 10 0 0 0 F E0 0 C 0 7 0 5C 78 0 1C E 5B CC 0 1 50 0 0 0 0 0 0 0 B D0 0 15 0 0 0 0 0 0 0 0 0 0 0 0 0 
END REGISTERS
START REGISTERS
A0 86 1A B 0 52 E4 C0 0 8F 9 2B 23 7 0 0 0 0 0 0 0 0 0 0 4 0 0 27 0 72 70 64 0 8 1 FF 0 0 4 0 0 0 0 0 D 50 14 45 55 C3 5 27 1C A 3 A 42 12 49 1D 0 AF 0 0 0 0 12 24 2D 0 3 0 4 23 0 9 5 84 32 2B 14 0 0 10 0 0 0 F E0 0 C 0 7 0 5C 78 0 1C E 5B CC 0 1 50 0 0 0 0 0 0 0 B D0 0 15 0 0 0 0 0 0 0 0 0 0 0 0 0 
END REGISTERS
START REGISTERS
3C 86 1A B 0 52 E4 C0 0 8F 9 2B 23 1 0 0 0 0 0 0 0 0 0 0 4 0 0 27 0 72 70 64 0 8 1 FF 0 0 4 0 0 0 0 0 D 50 14 45 55 C3 5 27 1C A 3 A 42 12 49 1D 0 AF 0 0 0 0 12 24 2D 0 3 0 4 23 0 9 5 84 32 2B 14 0 0 10 0 0 0 F E0 0 C 0 7 0 5C 78 0 1C E 5B CC 0 1 50 0 0 0 0 0 0 0 B D0 0 15 0 0 0 0 0 0 0 0 0 0 0 0 0 
END REGISTERS
START REGISTERS
96 86 1A B 0 52 E4 C0 0 8F 9 2B 23 2 0 0 0 0 0 0 0 0 0 0 4 0 0 25 0 72 70 64 0 8 1 FF 0 0 4 0 0 0 0 0 1C 50 14 45 55 C3 5 27 1C A 3 A 42 12 49 1D 0 AF 0 0 0 0 12 24 2D 0 3 0 4 23 0 9 5 84 32 2B 14 0 0 10 0 0 0 F E0 0 C 0 7 0 5C 78 0 1C E 5B CC 0 1 50 0 0 0 0 0 0 0 B D0 0 15 0 0 0 0 0 0 0 0 0 0 0 0 0 
END REGISTERS
START REGISTERS
4E 86 1A B 0 52 E4 C0 0 8F 9 2B 23 3 0 0 0 0 0 0 0 0 0 0 4 0 0 29 0 72 70 64 0 8 1 FF 0 0 4 0 0 0 0 0 D 50 14 45 55 C3 5 27 1C A 3 A 42 12 49 1D 0 AF 0 0 0 0 12 24 2D 0 3 0 4 23 0 9 5 84 32 2B 14 0 0 10 0 0 0 F E0 0 C 0 7 0 5C 78 0 1C E 5B CC 0 1 50 0 0 0 0 0 0 0 B D0 0 15 0 0 0 0 0 0 0 0 0 0 0 0 0 
END REGISTERS
START REGISTERS
73 86 1A B 0 52 E4 C0 0 8F 9 2B 23 4 0 0 0 0 0 0 0 0 0 0 4 0 0 25 0 72 70 64 0 8 1 FF 0 0 4 0 0 0 0 0 C 50 14 45 55 C3 5 27 1C A 3 A 42 12 49 1D 0 AF 0 0 0 0 12 24 2D 0 3 0 4 23 0 9 5 84 32 2B 14 0 0 10 0 0 0 F E0 0 C 0 7 0 5C 78 0 1C E 5B CC 0 1 50 0 0 0 0 0 0 0 B D0 0 15 0 0 0 0 0 0 0 0 0 0 0 0 0 
END REGISTERS
START REGISTERS
31 86 1A B 0 52 E4 C0 0 8F 9 2B 23 5 0 0 0 0 0 0 0 0 0 0 4 0 0 27 0 72 70 64 0 8 1 FF 0 0 4 0 0 0 0 0 E 50 14 45 55 C3 5 27 1C A 3 A 42 12 49 1D 0 AF 0 0 0 0 12 24 2D 0 3 0 4 23 0 9 5 84 32 2B 14 0 0 10 0 0 0 F E0 0 C 0 7 0 5C 78 0 1C E 5B CC 0 1 50 0 0 0 0 0 0 0 B D0 0 15 0 0 0 0 0 0 0 0 0 0 0 0 0 
END REGISTERS
START REGISTERS
1C 86 1A B 0 52 E4 C0 0 8F 9 2B 23 6 0 0 0 0 0 0 0 0 0 0 4 0 0 25 0 72 70 64 0 8 1 FF 0 0 4 0 0 0 0 0 6 50 14 45 55 C3 5 27 1C A 3 A 42 12 49 1D 0 AF 0 0 0 0 12 24 2D 0 3 0 4 23 0 9 5 84 32 2B 14 0 0 10 0 0 0 F E0 0 C 0 7 0 5C 78 0 1C E 5B CC 0 1 50 0 0 0 0 0 0 0 B D0 0 15 0 0 0 0 0 0 0 0 0 0 0 0 0 
END REGISTERS
START REGISTERS
A0 86 1A B 0 52 E4 C0 0 8F 9 2B 23 7 0 0 0 0 0 0 0 0 0 0 4 0 0 27 0 72 70 64 0 8 1 FF 0 0 4 0 0 0 0 0 D 50 14 45 55 C3 5 27 1C A 3 A 42 12 49 1D 0 AF 0 0 0 0 12 24 2D 0 3 0 4 23 0 9 5 84 32 2B 14 0 0 10 0 0 0 F E0 0 C 0 7 0 5C 78 0 1C E 5B CC 0 1 50 0 0 0 0 0 0 0 B D0 0 15 0 0 0 0 0 0 0 0 0 0 0 0 0 
END REGISTERS
START REGISTERS
3C 86 1A B 0 52 E4 C0 0 8F 9 2B 23 1 0 0 0 0 0 0 0 0 0 0 4 0 0 29 0 72 70 64 0 8 1 FF 0 0 4 0 0 0 0 0 F 50 14 45 55 C3 5 27 1C A 3 A 42 12 49 1D 0 AF 0 0 0 0 12 24 2D 0 3 0 4 23 0 9 5 84 32 2B 14 0 0 10 0 0 0 F E0 0 C 0 7 0 5C 78 0 1C E 5B CC 0 1 50 0 0 0 0 0 0 0 B D0 0 15 0 0 0 0 0 0 0 0 0 0 0 0 0 
END REGISTERS
START REGISTERS
96 86 1A B 0 52 E4 C0 0 8F 9 2B 23 2 0 0 0 0 0 0 0 0 0 0 4 0 0 27 0 72 70 64 0 8 1 FF 0 0 4 0 0 0 0 0 C 50 14 45 55 C3 5 27 1C A 3 A 42 12 49 1D 0 AF 0 0 0 0 12 24 2D 0 3 0 4 23 0 9 5 84 32 2B 14 0 0 10 0 0 0 F E0 0 C 0 7 0 5C 78 0 1C E 5B CC 0 1 50 0 0 0 0 0 0 0 B D0 0 15 0 0 0 0 0 0 0 0 0 0 0 0 0 
END REGISTERS
START REGISTERS
4E 86 1A B 0 52 E4 C0 0 8F 9 2B 23 3 0 0 0 0 0 0 0 0 0 0 4 0 0 23 0 72 70 64 0 8 1 FF 0 0 4 0 0 0 0 0 1D 50 14 45 55 C3 5 27 1C A 3 A 42 12 49 1D 0 AF 0 0 0 0 12 24 2D 0 3 0 4 23 0 9 5 84 32 2B 14 0 0 10 0 0 0 F E0 0 C 0 7 0 5C 78 0 1C E 5B CC 0 1 50 0 0 0 0 0 0 0 B D0 0 15 0 0 0 0 0 0 0 0 0 0 0 0 0 
END REGISTERS
START REGISTERS
73 86 1A B 0 52 E4 C0 0 8F 9 2B 23 4 0 0 0 0 0 0 0 0 0 0 4 0 0 29 0 72 70 64 0 8 1 FF 0 0 4 0 0 0 0 0 F 50 14 45 55 C3 5 27 1C A 3 A 42 12 49 1D 0 AF 0 0 0 0 12 24 2D 0 3 0 4 23 0 9 5 84 32 2B 14 0 0 10 0 0 0 F E0 0 C 0 7 0 5C 78 0 1C E 5B CC 0 1 50 0 0 0 0 0 0 0 B D0 0 15 0 0 0 0 0 0 0 0 0 0 0 0 0 
END REGISTERS
START REGISTERS
31 86 1A B 0 52 E4 C0 0 8F 9 2B 23 5 0 0 0 0 0 0 0 0 0 0 4 0 0 28 0 72 70 64 0 8 1 FF 0 0 4 0 0 0 0 0 C 50 14 45 55 C3 5 27 1C A 3 A 42 12 49 1D 0 AF 0 0 0 0 12 24 2D 0 3 0 4 23 0 9 5 84 32 2B 14 0 0 10 0 0 0 F E0 0 C 0 7 0 5C 78 0 1C E 5B CC 0 1 50 0 0 0 0 0 0 0 B D0 0 15 0 0 0 0 0 0 0 0 0 0 0 0 0 
END REGISTERS
START REGISTERS
1C 86 1A B 0 52 E4 C0 0 8F 9 2B 23 6 0 0 0 0 0 0 0 0 0 0 4 0 0 25 0 72 70 64 0 8 1 FF 0 0 4 0 0 0 0 0 8 50 14 45 55 C3 5 27 1C A 3 A 42 12 49 1D 0 AF 0 0 0 0 12 24 2D 0 3 0 4 23 0 9 5 84 32 2B 14 0 0 10 0 0 0 F E0 0 C 0 7 0 5C 78 0 1C E 5B CC 0 1 50 0 0 0 0 0 0 0 B D0 0 15 0 0 0 0 0 0 0 0 0 0 0 0 0 
END REGISTERS
START REGISTERS
A0 86 1A B 0 52 E4 C0 0 8F 9 2B 23 7 0 0 0 0 0 0 0 0 0 0 4 0 0 28 0 72 70 64 0 8 1 FF 0 0 4 0 0 0 0 0 F 50 14 45 55 C3 5 27 1C A 3 A 42 12 49 1D 0 AF 0 0 0 0 12 24 2D 0 3 0 4 23 0 9 5 84 32 2B 14 0 0 10 0 0 0 F E0 0 C 0 7 0 5C 78 0 1C E 5B CC 0 1 50 0 0 0 0 0 0 0 B D0 0 15 0 0 0 0 0 0 0 0 0 0 0 0 0 
END REGISTERS
START REGISTERS
3C 86 1A B 0 52 E4 C0 0 8F 9 2B 23 1 0 0 0 0 0 0 0 0 0 0 4 0 0 28 0 72 70 64 0 8 1 FF 0 0 4 0 0 0 0 0 F 50 14 45 55 C3 5 27 1C A 3 A 42 12 49 1D 0 AF 0 0 0 0 12 24 2D 0 3 0 4 23 0 9 5 84 32 2B 14 0 0 10 0 0 0 F E0 0 C 0 7 0 5C 78 0 1C E 5B CC 0 1 50 0 0 0 0 0 0 0 B D0 0 14 0 0 0 0 0 0 0 0 0 0 0 0 0 
END REGISTERS
START REGISTERS
96 86 1A B 0 52 E4 C0 0 8F 9 2B 23 2 0 0 0 0 0 0 0 0 0 0 4 0 0 27 0 72 70 64 0 8 1 FF 0 0 4 0 0 0 0 0 E 50 14 45 55 C3 5 27 1C A 3 A 42 12 49 1D 0 AF 0 0 0 0 12 24 2D 0 3 0 4 23 0 9 5 84 32 2B 14 0 0 10 0 0 0 F E0 0 C 0 7 0 5C 78 0 1C E 5B CC 0 1 50 0 0 0 0 0 0 0 B D0 0 14 0 0 0 0 0 0 0 0 0 0 0 0 0 
END REGISTERS
START REGISTERS
4E 86 1A B 0 52 E4 C0 0 8F 9 2B 23 3 0 0 0 0 0 0 0 0 0 0 4 0 0 25 0 72 70 64 0 8 1 FF 0 0 4 0 0 0 0 0 9 50 14 45 55 C3 5 27 1C A 3 A 42 12 49 1D 0 AF 0 0 0 0 12 24 2D 0 3 0 4 23 0 9 5 84 32 2B 14 0 0 10 0 0 0 F E0 0 C 0 7 0 5C 78 0 1C E 5B CC 0 1 50 0 0 0 0 0 0 0 B D0 0 14 0 0 0 0 0 0 0 0 0 0 0 0 0 
END REGISTERS
START REGISTERS
73 86 1A B 0 52 E4 C0 0 8F 9 2B 23 4 0 0 0 0 0 0 0 0 0 0 4 0 0 27 0 72 70 64 0 8 1 FF 0 0 4 0 0 0 0 0 1F 50 14 45 55 C3 5 27 1C A 3 A 42 12 49 1D 0 AF 0 0 0 0 12 24 2D 0 3 0 4 23 0 9 5 84 32 2B 14 0 0 10 0 0 0 F E0 0 C 0 7 0 5C 78 0 1C E 5B CC 0 1 50 0 0 0 0 0 0 0 B D0 0 14 0 0 0 0 0 0 0 0 0 0 0 0 0 
END REGISTERS
START REGISTERS
31 86 1A B 0 52 E4 C0 0 8F 9 2B 23 5 0 0 0 0 0 0 0 0 0 0 4 0 0 27 0 72 70 64 0 8 1 FF 0 0 4 0 0 0 0 0 D 50 14 45 55 C3 5 27 1C A 3 A 42 12 49 1D 0 AF 0 0 0 0 12 24 2D 0 3 0 4 23 0 9 5 84 32 2B 14 0 0 10 0 0 0 F E0 0 C 0 7 0 5C 78 0 1C E 5B CC 0 1 50 0 0 0 0 0 0 0 B D0 0 14 0 0 0 0 0 0 0 0 0 0 0 0 0 
END REGISTERS
START REGISTERS
1C 86 1A B 0 52 E4 C0 0 8F 9 2B 23 6 0 0 0 0 0 0 0 0 0 0 4 0 0 27 0 72 70 64 0 8 1 FF 0 0 4 0 0 0 0 0 B 50 14 45 55 C3 5 27 1C A 3 A 42 12 49 1D 0 AF 0 0 0 0 12 24 2D 0 3 0 4 23 0 9 5 84 32 2B 14 0 0 10 0 0 0 F E0 0 C 0 7 0 5C 78 0 1C E 5B CC 0 1 50 0 0 0 0 0 0 0 B D0 0 14 0 0 0 0 0 0 0 0 0 0 0 0 0 
END REGISTERS
START REGISTERS
A0 86 1A B 0 52 E4 C0 0 8F 9 2B 23 7 0 0 0 0 0 0 0 0 0 0 4 0 0 29 0 72 70 64 0 8 1 FF 0 0 4 0 0 0 0 0 C 50 14 45 55 C3 5 27 1C A 3 A 42 12 49 1D 0 AF 0 0 0 0 12 24 2D 0 3 0 4 23 0 9 5 84 32 2B 14 0 0 10 0 0 0 F E0 0 C 0 7 0 5C 78 0 1C E 5B CC 0 1 50 0 0 0 0 0 0 0 B D0 0 14 0 0 0 0 0 0 0 0 0 0 0 0 0 
END REGISTERS
START REGISTERS
3C 86 1A B 0 52 E4 C0 0 8F 9 2B 23 1 0 0 0 0 0 0 0 0 0 0 4 0 0 27 0 72 70 64 0 8 1 FF 0 0 4 0 0 0 0 0 A 50 14 45 55 C3 5 27 1C A 3 A 42 12 49 1D 0 AF 0 0 0 0 12 24 2D 0 3 0 4 23 0 9 5 84 32 2B 14 0 0 10 0 0 0 F E0 0 C 0 7 0 5C 78 0 1C E 5B CC 0 1 50 0 0 0 0 0 0 0 B D0 0 15 0 0 0 0 0 0 0 0 0 0 0 0 0 
END REGISTERS
START REGISTERS
96 86 1A B 0 52 E4 C0 0 8F 9 2B 23 2 0 0 0 0 0 0 0 0 0 0 4 0 0 29 0 72 70 64 0 8 1 FF 0 0 4 0 0 0 0 0 D 50 14 45 55 C3 5 27 1C A 3 A 42 12 49 1D 0 AF 0 0 0 0 12 24 2D 0 3 0 4 23 0 9 5 84 32 2B 14 0 0 10 0 0 0 F E0 0 C 0 7 0 5C 78 0 1C E 5B CC 0 1 50 0 0 0 0 0 0 0 B D0 0 15 0 0 0 0 0 0 0 0 0 0 0 0 0 
END REGISTERS
START REGISTERS
4E 86 1A B 0 52 E4 C0 0 8F 9 2B 23 3 0 0 0 0 0 0 0 0 0 0 4 0 0 28 0 72 70 64 0 8 1 FF 0 0 4 0 0 0 0 0 F 50 14 45 55 C3 5 27 1C A 3 A 42 12 49 1D 0 AF 0 0 0 0 12 24 2D 0 3 0 4 23 0 9 5 84 32 2B 14 0 0 10 0 0 0 F E0 0 C 0 7 0 5C 78 0 1C E 5B CC 0 1 50 0 0 0 0 0 0 0 B D0 0 15 0 0 0 0 0 0 0 0 0 0 0 0 0 
END REGISTERS
START REGISTERS
73 86 1A B 0 52 E4 C0 0 8F 9 2B 23 4 0 0 0 0 0 0 0 0 0 0 4 0 0 20 0 72 70 64 0 8 1 FF 0 0 4 0 0 0 0 0 F 50 14 45 55 C3 5 27 1C A 3 A 42 12 49 1D 0 AF 0 0 0 0 12 24 2D 0 3 0 4 23 0 9 5 84 32 2B 14 0 0 10 0 0 0 F E0 0 C 0 7 0 5C 78 0 1C E 5B CC 0 1 50 0 0 0 0 0 0 0 B D0 0 15 0 0 0 0 0 0 0 0 0 0 0 0 0 
END REGISTERS
START REGISTERS
31 86 1A B 0 52 E4 C0 0 8F 9 2B 23 5 0 0 0 0 0 0 0 0 0 0 4 0 0 25 0 72 70 64 0 8 1 FF 0 0 4 0 0 0 0 0 3 50 14 45 55 C3 5 27 1C A 3 A 42 12 49 1D 0 AF 0 0 0 0 12 24 2D 0 3 0 4 23 0 9 5 84 32 2B 14 0 0 10 0 0 0 F E0 0 C 0 7 0 5C 78 0 1C E 5B CC 0 1 50 0 0 0 0 0 0 0 B D0 0 15 0 0 0 0 0 0 0 0 0 0 0 0 0 
END REGISTERS
START REGISTERS
1C 86 1A B 0 52 E4 C0 0 8F 9 2B 23 6 0 0 0 0 0 0 0 0 0 0 4 0 0 27 0 72 70 64 0 8 1 FF 0 0 4 0 0 0 0 0 F 50 14 45 55 C3 5 27 1C A 3 A 42 12 49 1D 0 AF 0 0 0 0 12 24 2D 0 3 0 4 23 0 9 5 84 32 2B 14 0 0 10 0 0 0 F E0 0 C 0 7 0 5C 78 0 1C E 5B CC 0 1 50 0 0 0 0 0 0 0 B D0 0 15 0 0 0 0 0 0 0 0 0 0 0 0 0 
END REGISTERS
START REGISTERS
A0 86 1A B 0 52 E4 C0 0 8F 9 2B 23 7 0 0 0 0 0 0 0 0 0 0 4 0 0 2F 0 72 70 64 0 8 1 FF 0 0 4 0 0 0 0 0 9 50 14 45 55 C3 5 27 1C A 3 A 42 12 49 1D 0 AF 0 0 0 0 12 24 2D 0 3 0 4 23 0 9 5 84 32 2B 14 0 0 10 0 0 0 F E0 0 C 0 7 0 5C 78 0 1C E 5B CC 0 1 50 0 0 0 0 0 0 0 B D0 0 15 0 0 0 0 0 0 0 0 0 0 0 0 0 
END REGISTERS
START REGISTERS
3C 86 1A B 0 52 E4 C0 0 8F 9 2B 23 1 0 0 0 0 0 0 0 0 0 0 4 0 0 20 0 72 70 64 0 8 1 FF 0 0 4 0 0 0 0 0 C 50 14 45 55 C3 5 27 1C A 3 A 42 12 49 1D 0 AF 0 0 0 0 12 24 2D 0 3 0 4 23 0 9 5 84 32 2B 14 0 0 10 0 0 0 F E0 0 C 0 7 0 5C 78 0 1C E 5B CC 0 1 50 0 0 0 0 0 0 0 B D0 0 15 0 0 0 0 0 0 0 0 0 0 0 0 0 
END REGISTERS
START REGISTERS
96 86 1A B 0 52 E4 C0 0 8F 9 2B 23 2 0 0 0 0 0 0 0 0 0 0 4 0 0 2E 0 72 70 64 0 8 1 FF 0 0 4 0 0 0 0 0 E 50 14 45 55 C3 5 27 1C A 3 A 42 12 49 1D 0 AF 0 0 0 0 12 24 2D 0 3 0 4 23 0 9 5 84 32 2B 14 0 0 10 0 0 0 F E0 0 C 0 7 0 5C 78 0 1C E 5B CC 0 1 50 0 0 0 0 0 0 0 B D0 0 15 0 0 0 0 0 0 0 0 0 0 0 0 0 
END REGISTERS
START REGISTERS
4E 86 1A B 0 52 E4 C0 0 8F 9 2B 23 3 0 0 0 0 0 0 0 0 0 0 4 0 0 27 0 72 70 64 0 8 1 FF 0 0 4 0 0 0 0 0 E 50 14 45 55 C3 5 27 1C A 3 A 42 12 49 1D 0 AF 0 0 0 0 12 24 2D 0 3 0 4 23 0 9 5 84 32 2B 14 0 0 10 0 0 0 F E0 0 C 0 7 0 5C 78 0 1C E 5B CC 0 1 50 0 0 0 0 0 0 0 B D0 0 15 0 0 0 0 0 0 0 0 0 0 0 0 0 
END REGISTERS
START REGISTERS
73 86 1A B 0 52 E4 C0 0 8F 9 2B 23 4 0 0 0 0 0 0 0 0 0 0 4 0 0 28 0 72 70 64 0 8 1 FF 0 0 4 0 0 0 0 0 D 50 14 45 55 C3 5 27 1C A 3 A 42 12 49 1D 0 AF 0 0 0 0 12 24 2D 0 3 0 4 23 0 9 5 84 32 2B 14 0 0 10 0 0 0 F E0 0 C 0 7 0 5C 78 0 1C E 5B CC 0 1 50 0 0 0 0 0 0 0 B D0 0 15 0 0 0 0 0 0 0 0 0 0 0 0 0 
END REGISTERS
START REGISTERS
31 86 1A B 0 52 E4 C0 0 8F 9 2B 23 5 0 0 0 0 0 0 0 0 0 0 4 0 0 28 0 72 70 64 0 8 1 FF 0 0 4 0 0 0 0 0 C 50 14 45 55 C3 5 27 1C A 3 A 42 12 49 1D 0 AF 0 0 0 0 12 24 2D 0 3 0 4 23 0 9 5 84 32 2B 14 0 0 10 0 0 0 F E0 0 C 0 7 0 5C 78 0 1C E 5B CC 0 1 50 0 0 0 0 0 0 0 B D0 0 15 0 0 0 0 0 0 0 0 0 0 0 0 0 
END REGISTERS
START REGISTERS
1C 86 1A B 0 52 E4 C0 0 8F 9 2B 23 6 0 0 0 0 0 0 0 0 0 0 4 0 0 28 0 72 70 64 0 8 1 FF 0 0 4 0 0 0 0 0 4 50 14 45 55 C3 5 27 1C A 3 A 42 12 49 1D 0 AF 0 0 0 0 12 24 2D 0 3 0 4 23 0 9 5 84 32 2B 14 0 0 10 0 0 0 F E0 0 C 0 7 0 5C 78 0 1C E 5B CC 0 1 50 0 0 0 0 0 0 0 B D0 0 15 0 0 0 0 0 0 0 0 0 0 0 0 0 
END REGISTERS
START REGISTERS
A0 86 1A B 0 52 E4 C0 0 8F 9 2B 23 7 0 0 0 0 0 0 0 0 0 0 4 0 0 25 0 72 70 64 0 8 1 FF 0 0 4 0 0 0 0 0 F 50 14 45 55 C3 5 27 1C A 3 A 42 12 49 1D 0 AF 0 0 0 0 12 24 2D 0 3 0 4 23 0 9 5 84 32 2B 14 0 0 10 0 0 0 F E0 0 C 0 7 0 5C 78 0 1C E 5B CC 0 1 50 0 0 0 0 0 0 0 B D0 0 15 0 0 0 0 0 0 0 0 0 0 0 0 0 
END REGISTERS
START REGISTERS
3C 86 1A B 0 52 E4 C0 0 8F 9 2B 23 1 0 0 0 0 0 0 0 0 0 0 4 0 0 27 0 72 70 64 0 8 1 FF 0 0 4 0 0 0 0 0 E 50 14 45 55 C3 5 27 1C A 3 A 42 12 49 1D 0 AF 0 0 0 0 12 24 2D 0 3 0 4 23 0 9 5 84 32 2B 14 0 0 10 0 0 0 F E0 0 C 0 7 0 5C 78 0 1C E 5B CC 0 1 50 0 0 0 0 0 0 0 B D0 0 15 0 0 0 0 0 0 0 0 0 0 0 0 0 
END REGISTERS
START REGISTERS
96 86 1A B 0 52 E4 C0 0 8F 9 2B 23 2 0 0 0 0 0 0 0 0 0 0 4 0 0 27 0 72 70 64 0 8 1 FF 0 0 4 0 0 0 0 0 D 50 14 45 55 C3 5 27 1C A 3 A 42 12 49 1D 0 AF 0 0 0 0 12 24 2D 0 3 0 4 23 0 9 5 84 32 2B 14 0 0 10 0 0 0 F E0 0 C 0 7 0 5C 78 0 1C E 5B CC 0 1 50 0 0 0 0 0 0 0 B D0 0 15 0 0 0 0 0 0 0 0 0 0 0 0 0 
END REGISTERS
START REGISTERS
4E 86 1A B 0 52 E4 C0 0 8F 9 2B 23 3 0 0 0 0 0 0 0 0 0 0 4 0 0 20 0 72 70 64 0 8 1 FF 0 0 4 0 0 0 0 0 C 50 14 45 55 C3 5 27 1C A 3 A 42 12 49 1D 0 AF 0 0 0 0 12 24 2D 0 3 0 4 23 0 9 5 84 32 2B 14 0 0 10 0 0 0 F E0 0 C 0 7 0 5C 78 0 1C E 5B CC 0 1 50 0 0 0 0 0 0 0 B D0 0 15 0 0 0 0 0 0 0 0 0 0 0 0 0 
END REGISTERS
START REGISTERS
73 86 1A B 0 52 E4 C0 0 8F 9 2B 23 4 0 0 0 0 0 0 0 0 0 0 4 0 0 25 0 72 70 64 0 8 1 FF 0 0 4 0 0 0 0 0 6 50 14 45 55 C3 5 27 1C A 3 A 42 12 49 1D 0 AF 0 0 0 0 12 24 2D 0 3 0 4 23 0 9 5 84 32 2B 14 0 0 10 0 0 0 F E0 0 C 0 7 0 5C 78 0 1C E 5B CC 0 1 50 0 0 0 0 0 0 0 B D0 0 15 0 0 0 0 0 0 0 0 0 0 0 0 0 
END REGISTERS
START REGISTERS
31 86 1A B 0 52 E4 C0 0 8F 9 2B 23 5 0 0 0 0 0 0 0 0 0 0 4 0 0 27 0 72 70 64 0 8 1 FF 0 0 4 0 0 0 0 0 D 50 14 45 55 C3 5 27 1C A 3 A 42 12 49 1D 0 AF 0 0 0 0 12 24 2D 0 3 0 4 23 0 9 5 84 32 2B 14 0 0 10 0 0 0 F E0 0 C 0 7 0 5C 78 0 1C E 5B CC 0 1 50 0 0 0 0 0 0 0 B D0 0 15 0 0 0 0 0 0 0 0 0 0 0 0 0 
END REGISTERS
START REGISTERS
1C 86 1A B 0 52 E4 C0 0 8F 9 2B 23 6 0 0 0 0 0 0 0 0 0 0 4 0 0 27 0 72 70 64 0 8 1 FF 0 0 4 0 0 0 0 0 F 50 14 45 55 C3 5 27 1C A 3 A 42 12 49 1D 0 AF 0 0 0 0 12 24 2D 0 3 0 4 23 0 9 5 84 32 2B 14 0 0 10 0 0 0 F E0 0 C 0 7 0 5C 78 0 1C E 5B CC 0 1 50 0 0 0 0 0 0 0 B D0 0 15 0 0 0 0 0 0 0 0 0 0 0 0 0 
END REGISTERS
START REGISTERS
A0 86 1A B 0 52 E4 C0 0 8F 9 2B 23 7 0 0 0 0 0 0 0 0 0 0 4 0 0 27 0 72 70 64 0 8 1 FF 0 0 4 0 0 0 0 0 C 50 14 45 55 C3 5 27 1C A 3 A 42 12 49 1D 0 AF 0 0 0 0 12 24 2D 0 3 0 4 23 0 9 5 84 32 2B 14 0 0 10 0 0 0 F E0 0 C 0 7 0 5C 78 0 1C E 5B CC 0 1 50 0 0 0 0 0 0 0 B D0 0 15 0 0 0 0 0 0 0 0 0 0 0 0 0 
END REGISTERS
START REGISTERS
3C 86 1A B 0 52 E4 C0 0 8F 9 2B 23 1 0 0 0 0 0 0 0 0 0 0 4 0 0 24 0 72 70 64 0 8 1 FF 0 0 4 0 0 0 0 0 C 50 14 45 55 C3 5 27 1C A 3 A 42 12 49 1D 0 AF 0 0 0 0 12 24 2D 0 3 0 4 23 0 9 5 84 32 2B 14 0 0 10 0 0 0 F E0 0 C 0 7 0 5C 78 0 1C E 5B CC 0 1 50 0 0 0 0 0 0 0 B D0 0 15 0 0 0 0 0 0 0 0 0 0 0 0 0 
END REGISTERS
START REGISTERS
96 86 1A B 0 52 E4 C0 0 8F 9 2B 23 2 0 0 0 0 0 0 0 0 0 0 4 0 0 27 0 72 70 64 0 8 1 FF 0 0 4 0 0 0 0 0 A 50 14 45 55 C3 5 27 1C A 3 A 42 12 49 1D 0 AF 0 0 0 0 12 24 2D 0 3 0 4 23 0 9 5 84 32 2B 14 0 0 10 0 0 0 F E0 0 C 0 7 0 5C 78 0 1C E 5B CC 0 1 50 0 0 0 0 0 0 0 B D0 0 15 0 0 0 0 0 0 0 0 0 0 0 0 0 
END REGISTERS
START REGISTERS
4E 86 1A B 0 52 E4 C0 0 8F 9 2B 23 3 0 0 0 0 0 0 0 0 0 0 4 0 0 29 0 72 70 64 0 8 1 FF 0 0 4 0 0 0 0 0 8 50 14 45 55 C3 5 27 1C A 3 A 42 12 49 1D 0 AF 0 0 0 0 12 24 2D 0 3 0 4 23 0 9 5 84 32 2B 14 0 0 10 0 0 0 F E0 0 C 0 7 0 5C 78 0 1C E 5B CC 0 1 50 0 0 0 0 0 0 0 B D0 0 15 0 0 0 0 0 0 0 0 0 0 0 0 0 
END REGISTERS
START REGISTERS
73 86 1A B 0 52 E4 C0 0 8F 9 2B 23 4 0 0 0 0 0 0 0 0 0 0 4 0 0 27 0 72 70 64 0 8 1 FF 0 0 4 0 0 0 0 0 19 50 14 45 55 C3 5 27 1C A 3 A 42 12 49 1D 0 AF 0 0 0 0 12 24 2D 0 3 0 4 23 0 9 5 84 32 2B 14 0 0 10 0 0 0 F E0 0 C 0 7 0 5C 78 0 1C E 5B CC 0 1 50 0 0 0 0 0 0 0 B D0 0 15 0 0 0 0 0 0 0 0 0 0 0 0 0 
END REGISTERS
START REGISTERS
31 86 1A B 0 52 E4 C0 0 8F 9 2B 23 5 0 0 0 0 0 0 0 0 0 0 4 0 0 27 0 72 70 64 0 8 1 FF 0 0 4 0 0 0 0 0 D 50 14 45 55 C3 5 27 1C A 3 A 42 12 49 1D 0 AF 0 0 0 0 12 24 2D 0 3 0 4 23 0 9 5 84 32 2B 14 0 0 10 0 0 0 F E0 0 C 0 7 0 5C 78 0 1C E 5B CC 0 1 50 0 0 0 0 0 0 0 B D0 0 15 0 0 0 0 0 0 0 0 0 0 0 0 0 
END REGISTERS
START REGISTERS
1C 86 1A B 0 52 E4 C0 0 8F 9 2B 23 6 0 0 0 0 0 0 0 0 0 0 4 0 0 28 0 72 70 64 0 8 1 FF 0 0 4 0 0 0 0 0 D 50 14 45 55 C3 5 27 1C A 3 A 42 12 49 1D 0 AF 0 0 0 0 12 24 2D 0 3 0 4 23 0 9 5 84 32 2B 14 0 0 10 0 0 0 F E0 0 C 0 7 0 5C 78 0 1C E 5B CC 0 1 50 0 0 0 0 0 0 0 B D0 0 15 0 0 0 0 0 0 0 0 0 0 0 0 0 
END REGISTERS
START REGISTERS
A0 86 1A B 0 52 E4 C0 0 8F 9 2B 23 7 0 0 0 0 0 0 0 0 0 0 4 0 0 29 0 72 70 64 0 8 1 FF 0 0 4 0 0 0 0 0 E 50 14 45 55 C3 5 27 1C A 3 A 42 12 49 1D 0 AF 0 0 0 0 12 24 2D 0 3 0 4 23 0 9 5 84 32 2B 14 0 0 10 0 0 0 F E0 0 C 0 7 0 5C 78 0 1C E 5B CC 0 1 50 0 0 0 0 0 0 0 B D0 0 15 0 0 0 0 0 0 0 0 0 0 0 0 0 
END REGISTERS
START REGISTERS
3C 86 1A B 0 52 E4 C0 0 8F 9 2B 23 1 0 0 0 0 0 0 0 0 0 0 4 0 0 28 0 72 70 64 0 8 1 FF 0 0 4 0 0 0 0 0 D 50 14 45 55 C3 5 27 1C A 3 A 42 12 49 1D 0 AF 0 0 0 0 12 24 2D 0 3 0 4 23 0 9 5 84 32 2B 14 0 0 10 0 0 0 F E0 0 C 0 7 0 5C 78 0 1C E 5B CC 0 1 50 0 0 0 0 0 0 0 B D0 0 14 0 0 0 0 0 0 0 0 0 0 0 0 0 
END REGISTERS
START REGISTERS
96 86 1A B 0 52 E4 C0 0 8F 9 2B 23 2 0 0 0 0 0 0 0 0 0 0 4 0 0 24 0 72 70 64 0 8 1 FF 0 0 4 0 0 0 0 0 B 50 14 45 55 C3 5 27 1C A 3 A 42 12 49 1D 0 AF 0 0 0 0 12 24 2D 0 3 0 4 23 0 9 5 84 32 2B 14 0 0 10 0 0 0 F E0 0 C 0 7 0 5C 78 0 1C E 5B CC 0 1 50 0 0 0 0 0 0 0 B D0 0 14 0 0 0 0 0 0 0 0 0 0 0 0 0 
END REGISTERS
START REGISTERS
4E 86 1A B 0 52 E4 C0 0 8F 9 2B 23 3 0 0 0 0 0 0 0 0 0 0 4 0 0 27 0 72 70 64 0 8 1 FF 0 0 4 0 0 0 0 0 E 50 14 45 55 C3 5 27 1C A 3 A 42 12 49 1D 0 AF 0 0 0 0 12 24 2D 0 3 0 4 23 0 9 5 84 32 2B 14 0 0 10 0 0 0 F E0 0 C 0 7 0 5C 78 0 1C E 5B CC 0 1 50 0 0 0 0 0 0 0 B D0 0 14 0 0 0 0 0 0 0 0 0 0 0 0 0 
END REGISTERS
START REGISTERS
73 86 1A B 0 52 E4 C0 0 8F 9 2B 23 4 0 0 0 0 0 0 0 0 0 0 4 0 0 28 0 72 70 64 0 8 1 FF 0 0 4 0 0 0 0 0 F 50 14 45 55 C3 5 27 1C A 3 A 42 12 49 1D 0 AF 0 0 0 0 12 24 2D 0 3 0 4 23 0 9 5 84 32 2B 14 0 0 10 0 0 0 F E0 0 C 0 7 0 5C 78 0 1C E 5B CC 0 1 50 0 0 0 0 0 0 0 B D0 0 14 0 0 0 0 0 0 0 0 0 0 0 0 0 
END REGISTERS
START REGISTERS
31 86 1A B 0 52 E4 C0 0 8F 9 2B 23 5 0 0 0 0 0 0 0 0 0 0 4 0 0 27 0 72 70 64 0 8 1 FF 0 0 4 0 0 0 0 0 E 50 14 45 55 C3 5 27 1C A 3 A 42 12 49 1D 0 AF 0 0 0 0 12 24 2D 0 3 0 4 23 0 9 5 84 32 2B 14 0 0 10 0 0 0 F E0 0 C 0 7 0 5C 78 0 1C E 5B CC 0 1 50 0 0 0 0 0 0 0 B D0 0 14 0 0 0 0 0 0 0 0 0 0 0 0 0 
END REGISTERS
START REGISTERS
1C 86 1A B 0 52 E4 C0 0 8F 9 2B 23 6 0 0 0 0 0 0 0 0 0 0 4 0 0 28 0 72 70 64 0 8 1 FF 0 0 4 0 0 0 0 0 E 50 14 45 55 C3 5 27 1C A 3 A 42 12 49 1D 0 AF 0 0 0 0 12 24 2D 0 3 0 4 23 0 9 5 84 32 2B 14 0 0 10 0 0 0 F E0 0 C 0 7 0 5C 78 0 1C E 5B CC 0 1 50 0 0 0 0 0 0 0 B D0 0 14 0 0 0 0 0 0 0 0 0 0 0 0 0 
END REGISTERS
START REGISTERS
A0 86 1A B 0 52 E4 C0 0 8F 9 2B 23 7 0 0 0 0 0 0 0 0 0 0 4 0 0 25 0 72 70 64 0 8 1 FF 0 0 4 0 0 0 0 0 C 50 14 45 55 C3 5 27 1C A 3 A 42 12 49 1D 0 AF 0 0 0 0 12 24 2D 0 3 0 4 23 0 9 5 84 32 2B 14 0 0 10 0 0 0 F E0 0 C 0 7 0 5C 78 0 1C E 5B CC 0 1 50 0 0 0 0 0 0 0 B D0 0 14 0 0 0 0 0 0 0 0 0 0 0 0 0 
END REGISTERS
START REGISTERS
3C 86 1A B 0 52 E4 C0 0 8F 9 2B 23 1 0 0 0 0 0 0 0 0 0 0 4 0 0 27 0 72 70 64 0 8 1 FF 0 0 4 0 0 0 0 0 D 50 14 45 55 C3 5 27 1C A 3 A 42 12 49 1D 0 AF 0 0 0 0 12 24 2D 0 3 0 4 23 0 9 5 84 32 2B 14 0 0 10 0 0 0 F E0 0 C 0 7 0 5C 78 0 1C E 5B CC 0 1 50 0 0 0 0 0 0 0 B D0 0 15 0 0 0 0 0 0 0 0 0 0 0 0 0 
END REGISTERS
START REGISTERS
96 86 1A B 0 52 E4 C0 0 8F 9 2B 23 2 0 0 0 0 0 0 0 0 0 0 4 0 0 28 0 72 70 64 0 8 1 FF 0 0 4 0 0 0 0 0 E 50 14 45 55 C3 5 27 1C A 3 A 42 12 49 1D 0 AF 0 0 0 0 12 24 2D 0 3 0 4 23 0 9 5 84 32 2B 14 0 0 10 0 0 0 F E0 0 C 0 7 0 5C 78 0 1C E 5B CC 0 1 50 0 0 0 0 0 0 0 B D0 0 15 0 0 0 0 0 0 0 0 0 0 0 0 0 
END REGISTERS
START REGISTERS
4E 86 1A B 0 52 E4 C0 0 8F 9 2B 23 3 0 0 0 0 0 0 0 0 0 0 4 0 0 27 0 72 70 64 0 8 1 FF 0 0 4 0 0 0 0 0 E 50 14 45 55 C3 5 27 1C A 3 A 42 12 49 1D 0 AF 0 0 0 0 12 24 2D 0 3 0 4 23 0 9 5 84 32 2B 14 0 0 10 0 0 0 F E0 0 C 0 7 0 5C 78 0 1C E 5B CC 0 1 50 0 0 0 0 0 0 0 B D0 0 15 0 0 0 0 0 0 0 0 0 0 0 0 0 
END REGISTERS
START REGISTERS
73 86 1A B 0 52 E4 C0 0 8F 9 2B 23 4 0 0 0 0 0 0 0 0 0 0 4 0 0 25 0 72 70 64 0 8 1 FF 0 0 4 0 0 0 0 0 F 50 14 45 55 C3 5 27 1C A 3 A 42 12 49 1D 0 AF 0 0 0 0 12 24 2D 0 3 0 4 23 0 9 5 84 32 2B 14 0 0 10 0 0 0 F E0 0 C 0 7 0 5C 78 0 1C E 5B CC 0 1 50 0 0 0 0 0 0 0 B D0 0 15 0 0 0 0 0 0 0 0 0 0 0 0 0 
END REGISTERS
START REGISTERS
31 86 1A B 0 52 E4 C0 0 8F 9 2B 23 5 0 0 0 0 0 0 0 0 0 0 4 0 0 27 0 72 70 64 0 8 1 FF 0 0 4 0 0 0 0 0 F 50 14 45 55 C3 5 27 1C A 3 A 42 12 49 1D 0 AF 0 0 0 0 12 24 2D 0 3 0 4 23 0 9 5 84 32 2B 14 0 0 10 0 0 0 F E0 0 C 0 7 0 5C 78 0 1C E 5B CC 0 1 50 0 0 0 0 0 0 0 B D0 0 15 0 0 0 0 0 0 0 0 0 0 0 0 0 
END REGISTERS
START REGISTERS
1C 86 1A B 0 52 E4 C0 0 8F 9 2B 23 6 0 0 0 0 0 0 0 0 0 0 4 0 0 27 0 72 70 64 0 8 1 FF 0 0 4 0 0 0 0 0 9 50 14 45 55 C3 5 27 1C A 3 A 42 12 49 1D 0 AF 0 0 0 0 12 24 2D 0 3 0 4 23 0 9 5 84 32 2B 14 0 0 10 0 0 0 F E0 0 C 0 7 0 5C 78 0 1C E 5B CC 0 1 50 0 0 0 0 0 0 0 B D0 0 15 0 0 0 0 0 0 0 0 0 0 0 0 0 
END REGISTERS
START REGISTERS
A0 86 1A B 0 52 E4 C0 0 8F 9 2B 23 7 0 0 0 0 0 0 0 0 0 0 4 0 0 27 0 72 70 64 0 8 1 FF 0 0 4 0 0 0 0 0 7 50 14 45 55 C3 5 27 1C A 3 A 42 12 49 1D 0 AF 0 0 0 0 12 24 2D 0 3 0 4 23 0 9 5 84 32 2B 14 0 0 10 0 0 0 F E0 0 C 0 7 0 5C 78 0 1C E 5B CC 0 1 50 0 0 0 0 0 0 0 B D0 0 15 0 0 0 0 0 0 0 0 0 0 0 0 0 
END REGISTERS
START REGISTERS
3C 86 1A B 0 52 E4 C0 0 8F 9 2B 23 1 0 0 0 0 0 0 0 0 0 0 4 0 0 27 0 72 70 64 0 8 1 FF 0 0 4 0 0 0 0 0 E 50 14 45 55 C3 5 27 1C A 3 A 42 12 49 1D 0 AF 0 0 0 0 12 24 2D 0 3 0 4 23 0 9 5 84 32 2B 14 0 0 10 0 0 0 F E0 0 C 0 7 0 5C 78 0 1C E 5B CC 0 1 50 0 0 0 0 0 0 0 B D0 0 15 0 0 0 0 0 0 0 0 0 0 0 0 0 
END REGISTERS
START REGISTERS
96 86 1A B 0 52 E4 C0 0 8F 9 2B 23 2 0 0 0 0 0 0 0 0 0 0 4 0 0 27 0 72 70 64 0 8 1 FF 0 0 4 0 0 0 0 0 F 50 14 45 55 C3 5 27 1C A 3 A 42 12 49 1D 0 AF 0 0 0 0 12 24 2D 0 3 0 4 23 0 9 5 84 32 2B 14 0 0 10 0 0 0 F E0 0 C 0 7 0 5C 78 0 1C E 5B CC 0 1 50 0 0 0 0 0 0 0 B D0 0 15 0 0 0 0 0 0 0 0 0 0 0 0 0 
END REGISTERS
START REGISTERS
4E 86 1A B 0 52 E4 C0 0 8F 9 2B 23 3 0 0 0 0 0 0 0 0 0 0 4 0 0 27 0 72 70 64 0 8 1 FF 0 0 4 0 0 0 0 0 E 50 14 45 55 C3 5 27 1C A 3 A 42 12 49 1D 0 AF 0 0 0 0 12 24 2D 0 3 0 4 23 0 9 5 84 32 2B 14 0 0 10 0 0 0 F E0 0 C 0 7 0 5C 78 0 1C E 5B CC 0 1 50 0 0 0 0 0 0 0 B D0 0 15 0 0 0 0 0 0 0 0 0 0 0 0 0 
END REGISTERS
START REGISTERS
73 86 1A B 0 52 E4 C0 0 8F 9 2B 23 4 0 0 0 0 0 0 0 0 0 0 4 0 0 25 0 72 70 64 0 8 1 FF 0 0 4 0 0 0 0 0 C 50 14 45 55 C3 5 27 1C A 3 A 42 12 49 1D 0 AF 0 0 0 0 12 24 2D 0 3 0 4 23 0 9 5 84 32 2B 14 0 0 10 0 0 0 F E0 0 C 0 7 0 5C 78 0 1C E 5B CC 0 1 50 0 0 0 0 0 0 0 B D0 0 15 0 0 0 0 0 0 0 0 0 0 0 0 0 
END REGISTERS
START REGISTERS
31 86 1A B 0 52 E4 C0 0 8F 9 2B 23 5 0 0 0 0 0 0 0 0 0 0 4 0 0 27 0 72 70 64 0 8 1 FF 0 0 4 0 0 0 0 0 E 50 14 45 55 C3 5 27 1C A 3 A 42 12 49 1D 0 AF 0 0 0 0 12 24 2D 0 3 0 4 23 0 9 5 84 32 2B 14 0 0 10 0 0 0 F E0 0 C 0 7 0 5C 78 0 1C E 5B CC 0 1 50 0 0 0 0 0 0 0 B D0 0 15 0 0 0 0 0 0 0 0 0 0 0 0 0 
END REGISTERS
START REGISTERS
1C 86 1A B 0 52 E4 C0 0 8F 9 2B 23 6 0 0 0 0 0 0 0 0 0 0 4 0 0 25 0 72 70 64 0 8 1 FF 0 0 4 0 0 0 0 0 F 50 14 45 55 C3 5 27 1C A 3 A 42 12 49 1D 0 AF 0 0 0 0 12 24 2D 0 3 0 4 23 0 9 5 84 32 2B 14 0 0 10 0 0 0 F E0 0 C 0 7 0 5C 78 0 1C E 5B CC 0 1 50 0 0 0 0 0 0 0 B D0 0 15 0 0 0 0 0 0 0 0 0 0 0 0 0 
END REGISTERS
START REGISTERS
A0 86 1A B 0 52 E4 C0 0 8F 9 2B 23 7 0 0 0 0 0 0 0 0 0 0 4 0 0 27 0 72 70 64 0 8 1 FF 0 0 4 0 0 0 0 0 F 50 14 45 55 C3 5 27 1C A 3 A 42 12 49 1D 0 AF 0 0 0 0 12 24 2D 0 3 0 4 23 0 9 5 84 32 2B 14 0 0 10 0 0 0 F E0 0 C 0 7 0 5C 78 0 1C E 5B CC 0 1 50 0 0 0 0 0 0 0 B D0 0 15 0 0 0 0 0 0 0 0 0 0 0 0 0 
END REGISTERS
START REGISTERS
3C 86 1A B 0 52 E4 C0 0 8F 9 2B 23 1 0 0 0 0 0 0 0 0 0 0 4 0 0 26 0 72 70 64 0 8 1 FF 0 0 4 0 0 0 0 0 C 50 14 45 55 C3 5 27 1C A 3 A 42 12 49 1D 0 AF 0 0 0 0 12 24 2D 0 3 0 4 23 0 9 5 84 32 2B 14 0 0 10 0 0 0 F E0 0 C 0 7 0 5C 78 0 1C E 5B CC 0 1 50 0 0 0 0 0 0 0 B D0 0 14 0 0 0 0 0 0 0 0 0 0 0 0 0 
END REGISTERS
START REGISTERS
96 86 1A B 0 52 E4 C0 0 8F 9 2B 23 2 0 0 0 0 0 0 0 0 0 0 4 0 0 20 0 72 70 64 0 8 1 FF 0 0 4 0 0 0 0 0 E 50 14 45 55 C3 5 27 1C A 3 A 42 12 49 1D 0 AF 0 0 0 0 12 24 2D 0 3 0 4 23 0 9 5 84 32 2B 14 0 0 10 0 0 0 F E0 0 C 0 7 0 5C 78 0 1C E 5B CC 0 1 50 0 0 0 0 0 0 0 B D0 0 14 0 0 0 0 0 0 0 0 0 0 0 0 0 
END REGISTERS
START REGISTERS
4E 86 1A B 0 52 E4 C0 0 8F 9 2B 23 3 0 0 0 0 0 0 0 0 0 0 4 0 0 27 0 72 70 64 0 8 1 FF 0 0 4 0 0 0 0 0 F 50 14 45 55 C3 5 27 1C A 3 A 42 12 49 1D 0 AF 0 0 0 0 12 24 2D 0 3 0 4 23 0 9 5 84 32 2B 14 0 0 10 0 0 0 F E0 0 C 0 7 0 5C 78 0 1C E 5B CC 0 1 50 0 0 0 0 0 0 0 B D0 0 14 0 0 0 0 0 0 0 0 0 0 0 0 0 
END REGISTERS
START REGISTERS
73 86 1A B 0 52 E4 C0 0 8F 9 2B 23 4 0 0 0 0 0 0 0 0 0 0 4 0 0 27 0 72 70 64 0 8 1 FF 0 0 4 0 0 0 0 0 B 50 14 45 55 C3 5 27 1C A 3 A 42 12 49 1D 0 AF 0 0 0 0 12 24 2D 0 3 0 4 23 0 9 5 84 32 2B 14 0 0 10 0 0 0 F E0 0 C 0 7 0 5C 78 0 1C E 5B CC 0 1 50 0 0 0 0 0 0 0 B D0 0 14 0 0 0 0 0 0 0 0 0 0 0 0 0 
END REGISTERS
START REGISTERS
31 86 1A B 0 52 E4 C0 0 8F 9 2B 23 5 0 0 0 0 0 0 0 0 0 0 4 0 0 27 0 72 70 64 0 8 1 FF 0 0 4 0 0 0 0 0 D 50 14 45 55 C3 5 27 1C A 3 A 42 12 49 1D 0 AF 0 0 0 0 12 24 2D 0 3 0 4 23 0 9 5 84 32 2B 14 0 0 10 0 0 0 F E0 0 C 0 7 0 5C 78 0 1C E 5B CC 0 1 50 0 0 0 0 0 0 0 B D0 0 14 0 0 0 0 0 0 0 0 0 0 0 0 0 
END REGISTERS
START REGISTERS
1C 86 1A B 0 52 E4 C0 0 8F 9 2B 23 6 0 0 0 0 0 0 0 0 0 0 4 0 0 27 0 72 70 64 0 8 1 FF 0 0 4 0 0 0 0 0 D 50 14 45 55 C3 5 27 1C A 3 A 42 12 49 1D 0 AF 0 0 0 0 12 24 2D 0 3 0 4 23 0 9 5 84 32 2B 14 0 0 10 0 0 0 F E0 0 C 0 7 0 5C 78 0 1C E 5B CC 0 1 50 0 0 0 0 0 0 0 B D0 0 14 0 0 0 0 0 0 0 0 0 0 0 0 0 
END REGISTERS
START REGISTERS
A0 86 1A B 0 52 E4 C0 0 8F 9 2B 23 7 0 0 0 0 0 0 0 0 0 0 4 0 0 27 0 72 70 64 0 8 1 FF 0 0 4 0 0 0 0 0 E 50 14 45 55 C3 5 27 1C A 3 A 42 12 49 1D 0 AF 0 0 0 0 12 24 2D 0 3 0 4 23 0 9 5 84 32 2B 14 0 0 10 0 0 0 F E0 0 C 0 7 0 5C 78 0 1C E 5B CC 0 1 50 0 0 0 0 0 0 0 B D0 0 14 0 0 0 0 0 0 0 0 0 0 0 0 0 
END REGISTERS
START REGISTERS
3C 86 1A B 0 52 E4 C0 0 8F 9 2B 23 1 0 0 0 0 0 0 0 0 0 0 4 0 0 27 0 72 70 64 0 8 1 FF 0 0 4 0 0 0 0 0 D 50 14 45 55 C3 5 27 1C A 3 A 42 12 49 1D 0 AF 0 0 0 0 12 24 2D 0 3 0 4 23 0 9 5 84 32 2B 14 0 0 10 0 0 0 F E0 0 C 0 7 0 5C 78 0 1C E 5B CC 0 1 50 0 0 0 0 0 0 0 B D0 0 14 0 0 0 0 0 0 0 0 0 0 0 0 0 
END REGISTERS
START REGISTERS
96 86 1A B 0 52 E4 C0 0 8F 9 2B 23 2 0 0 0 0 0 0 0 0 0 0 4 0 0 27 0 72 70 64 0 8 1 FF 0 0 4 0 0 0 0 0 F 50 14 45 55 C3 5 27 1C A 3 A 42 12 49 1D 0 AF 0 0 0 0 12 24 2D 0 3 0 4 23 0 9 5 84 32 2B 14 0 0 10 0 0 0 F E0 0 C 0 7 0 5C 78 0 1C E 5B CC 0 1 50 0 0 0 0 0 0 0 B D0 0 14 0 0 0 0 0 0 0 0 0 0 0 0 0 
END REGISTERS
START REGISTERS
4E 86 1A B 0 52 E4 C0 0 8F 9 2B 23 3 0 0 0 0 0 0 0 0 0 0 4 0 0 27 0 72 70 64 0 8 1 FF 0 0 4 0 0 0 0 0 E 50 14 45 55 C3 5 27 1C A 3 A 42 12 49 1D 0 AF 0 0 0 0 12 24 2D 0 3 0 4 23 0 9 5 84 32 2B 14 0 0 10 0 0 0 F E0 0 C 0 7 0 5C 78 0 1C E 5B CC 0 1 50 0 0 0 0 0 0 0 B D0 0 14 0 0 0 0 0 0 0 0 0 0 0 0 0 
END REGISTERS
START REGISTERS
73 86 1A B 0 52 E4 C0 0 8F 9 2B 23 4 0 0 0 0 0 0 0 0 0 0 4 0 0 27 0 72 70 64 0 8 1 FF 0 0 4 0 0 0 0 0 1D 50 14 45 55 C3 5 27 1C A 3 A 42 12 49 1D 0 AF 0 0 0 0 12 24 2D 0 3 0 4 23 0 9 5 84 32 2B 14 0 0 10 0 0 0 F E0 0 C 0 7 0 5C 78 0 1C E 5B CC 0 1 50 0 0 0 0 0 0 0 B D0 0 14 0 0 0 0 0 0 0 0 0 0 0 0 0 
END REGISTERS
START REGISTERS
31 86 1A B 0 52 E4 C0 0 8F 9 2B 23 5 0 0 0 0 0 0 0 0 0 0 4 0 0 25 0 72 70 64 0 8 1 FF 0 0 4 0 0 0 0 0 D 50 14 45 55 C3 5 27 1C A 3 A 42 12 49 1D 0 AF 0 0 0 0 12 24 2D 0 3 0 4 23 0 9 5 84 32 2B 14 0 0 10 0 0 0 F E0 0 C 0 7 0 5C 78 0 1C E 5B CC 0 1 50 0 0 0 0 0 0 0 B D0 0 14 0 0 0 0 0 0 0 0 0 0 0 0 0 
END REGISTERS
START REGISTERS
1C 86 1A B 0 52 E4 C0 0 8F 9 2B 23 6 0 0 0 0 0 0 0 0 0 0 4 0 0 27 0 72 70 64 0 8 1 FF 0 0 4 0 0 0 0 0 F 50 14 45 55 C3 5 27 1C A 3 A 42 12 49 1D 0 AF 0 0 0 0 12 24 2D 0 3 0 4 23 0 9 5 84 32 2B 14 0 0 10 0 0 0 F E0 0 C 0 7 0 5C 78 0 1C E 5B CC 0 1 50 0 0 0 0 0 0 0 B D0 0 14 0 0 0 0 0 0 0 0 0 0 0 0 0 
END REGISTERS
START REGISTERS
A0 86 1A B 0 52 E4 C0 0 8F 9 2B 23 7 0 0 0 0 0 0 0 0 0 0 4 0 0 25 0 72 70 64 0 8 1 FF 0 0 4 0 0 0 0 0 D 50 14 45 55 C3 5 27 1C A 3 A 42 12 49 1D 0 AF 0 0 0 0 12 24 2D 0 3 0 4 23 0 9 5 84 32 2B 14 0 0 10 0 0 0 F E0 0 C 0 7 0 5C 78 0 1C E 5B CC 0 1 50 0 0 0 0 0 0 0 B D0 0 14 0 0 0 0 0 0 0 0 0 0 0 0 0 
END REGISTERS
START REGISTERS
3C 86 1A B 0 52 E4 C0 0 8F 9 2B 23 1 0 0 0 0 0 0 0 0 0 0 4 0 0 27 0 72 70 64 0 8 1 FF 0 0 4 0 0 0 0 0 1E 50 14 45 55 C3 5 27 1C A 3 A 42 12 49 1D 0 AF 0 0 0 0 12 24 2D 0 3 0 4 23 0 9 5 84 32 2B 14 0 0 10 0 0 0 F E0 0 C 0 7 0 5C 78 0 1C E 5B CC 0 1 50 0 0 0 0 0 0 0 B D0 0 14 0 0 0 0 0 0 0 0 0 0 0 0 0 
END REGISTERS
START REGISTERS
96 86 1A B 0 52 E4 C0 0 8F 9 2B 23 2 0 0 0 0 0 0 0 0 0 0 4 0 0 25 0 72 70 64 0 8 1 FF 0 0 4 0 0 0 0 0 E 50 14 45 55 C3 5 27 1C A 3 A 42 12 49 1D 0 AF 0 0 0 0 12 24 2D 0 3 0 4 23 0 9 5 84 32 2B 14 0 0 10 0 0 0 F E0 0 C 0 7 0 5C 78 0 1C E 5B CC 0 1 50 0 0 0 0 0 0 0 B D0 0 14 0 0 0 0 0 0 0 0 0 0 0 0 0 
END REGISTERS
START REGISTERS
4E 86 1A B 0 52 E4 C0 0 8F 9 2B 23 3 0 0 0 0 0 0 0 0 0 0 4 0 0 27 0 72 70 64 0 8 1 FF 0 0 4 0 0 0 0 0 F 50 14 45 55 C3 5 27 1C A 3 A 42 12 49 1D 0 AF 0 0 0 0 12 24 2D 0 3 0 4 23 0 9 5 84 32 2B 14 0 0 10 0 0 0 F E0 0 C 0 7 0 5C 78 0 1C E 5B CC 0 1 50 0 0 0 0 0 0 0 B D0 0 14 0 0 0 0 0 0 0 0 0 0 0 0 0 
END REGISTERS
START REGISTERS
73 86 1A B 0 52 E4 C0 0 8F 9 2B 23 4 0 0 0 0 0 0 0 0 0 0 4 0 0 25 0 72 70 64 0 8 1 FF 0 0 4 0 0 0 0 0 E 50 14 45 55 C3 5 27 1C A 3 A 42 12 49 1D 0 AF 0 0 0 0 12 24 2D 0 3 0 4 23 0 9 5 84 32 2B 14 0 0 10 0 0 0 F E0 0 C 0 7 0 5C 78 0 1C E 5B CC 0 1 50 0 0 0 0 0 0 0 B D0 0 14 0 0 0 0 0 0 0 0 0 0 0 0 0 
END REGISTERS
START REGISTERS
31 86 1A B 0 52 E4 C0 0 8F 9 2B 23 5 0 0 0 0 0 0 0 0 0 0 4 0 0 27 0 72 70 64 0 8 1 FF 0 0 4 0 0 0 0 0 D 50 14 45 55 C3 5 27 1C A 3 A 42 12 49 1D 0 AF 0 0 0 0 12 24 2D 0 3 0 4 23 0 9 5 84 32 2B 14 0 0 10 0 0 0 F E0 0 C 0 7 0 5C 78 0 1C E 5B CC 0 1 50 0 0 0 0 0 0 0 B D0 0 14 0 0 0 0 0 0 0 0 0 0 0 0 0 
END REGISTERS
START REGISTERS
1C 86 1A B 0 52 E4 C0 0 8F 9 2B 23 6 0 0 0 0 0 0 0 0 0 0 4 0 0 29 0 72 70 64 0 8 1 FF 0 0 4 0 0 0 0 0 E 50 14 45 55 C3 5 27 1C A 3 A 42 12 49 1D 0 AF 0 0 0 0 12 24 2D 0 3 0 4 23 0 9 5 84 32 2B 14 0 0 10 0 0 0 F E0 0 C 0 7 0 5C 78 0 1C E 5B CC 0 1 50 0 0 0 0 0 0 0 B D0 0 14 0 0 0 0 0 0 0 0 0 0 0 0 0 
END REGISTERS
START REGISTERS
A0 86 1A B 0 52 E4 C0 0 8F 9 2B 23 7 0 0 0 0 0 0 0 0 0 0 4 0 0 27 0 72 70 64 0 8 1 FF 0 0 4 0 0 0 0 0 10 50 14 45 55 C3 5 27 1C A 3 A 42 12 49 1D 0 AF 0 0 0 0 12 24 2D 0 3 0 4 23 0 9 5 84 32 2B 14 0 0 10 0 0 0 F E0 0 C 0 7 0 5C 78 0 1C E 5B CC 0 1 50 0 0 0 0 0 0 0 B D0 0 14 0 0 0 0 0 0 0 0 0 0 0 0 0 
END REGISTERS
START REGISTERS
3C 86 1A B 0 52 E4 C0 0 8F 9 2B 23 1 0 0 0 0 0 0 0 0 0 0 4 0 0 27 0 72 70 64 0 8 1 FF 0 0 4 0 0 0 0 0 C 50 14 45 55 C3 5 27 1C A 3 A 42 12 49 1D 0 AF 0 0 0 0 12 24 2D 0 3 0 4 23 0 9 5 84 32 2B 14 0 0 10 0 0 0 F E0 0 C 0 7 0 5C 78 0 1C E 5B CC 0 1 50 0 0 0 0 0 0 0 B D0 0 15 0 0 0 0 0 0 0 0 0 0 0 0 0 
END REGISTERS
START REGISTERS
96 86 1A B 0 52 E4 C0 0 8F 9 2B 23 2 0 0 0 0 0 0 0 0 0 0 4 0 0 28 0 72 70 64 0 8 1 FF 0 0 4 0 0 0 0 0 D 50 14 45 55 C3 5 27 1C A 3 A 42 12 49 1D 0 AF 0 0 0 0 12 24 2D 0 3 0 4 23 0 9 5 84 32 2B 14 0 0 10 0 0 0 F E0 0 C 0 7 0 5C 78 0 1C E 5B CC 0 1 50 0 0 0 0 0 0 0 B D0 0 15 0 0 0 0 0 0 0 0 0 0 0 0 0 
END REGISTERS
START REGISTERS
4E 86 1A B 0 52 E4 C0 0 8F 9 2B 23 3 0 0 0 0 0 0 0 0 0 0 4 0 0 24 0 72 70 64 0 8 1 FF 0 0 4 0 0 0 0 0 F 50 14 45 55 C3 5 27 1C A 3 A 42 12 49 1D 0 AF 0 0 0 0 12 24 2D 0 3 0 4 23 0 9 5 84 32 2B 14 0 0 10 0 0 0 F E0 0 C 0 7 0 5C 78 0 1C E 5B CC 0 1 50 0 0 0 0 0 0 0 B D0 0 15 0 0 0 0 0 0 0 0 0 0 0 0 0 
END REGISTERS
START REGISTERS
73 86 1A B 0 52 E4 C0 0 8F 9 2B 23 4 0 0 0 0 0 0 0 0 0 0 4 0 0 25 0 72 70 64 0 8 1 FF 0 0 4 0 0 0 0 0 D 50 14 45 55 C3 5 27 1C A 3 A 42 12 49 1D 0 AF 0 0 0 0 12 24 2D 0 3 0 4 23 0 9 5 84 32 2B 14 0 0 10 0 0 0 F E0 0 C 0 7 0 5C 78 0 1C E 5B CC 0 1 50 0 0 0 0 0 0 0 B D0 0 15 0 0 0 0 0 0 0 0 0 0 0 0 0 
END REGISTERS
START REGISTERS
31 86 1A B 0 52 E4 C0 0 8F 9 2B 23 5 0 0 0 0 0 0 0 0 0 0 4 0 0 28 0 72 70 64 0 8 1 FF 0 0 4 0 0 0 0 0 D 50 14 45 55 C3 5 27 1C A 3 A 42 12 49 1D 0 AF 0 0 0 0 12 24 2D 0 3 0 4 23 0 9 5 84 32 2B 14 0 0 10 0 0 0 F E0 0 C 0 7 0 5C 78 0 1C E 5B CC 0 1 50 0 0 0 0 0 0 0 B D0 0 15 0 0 0 0 0 0 0 0 0 0 0 0 0 
END REGISTERS
START REGISTERS
1C 86 1A B 0 52 E4 C0 0 8F 9 2B 23 6 0 0 0 0 0 0 0 0 0 0 4 0 0 23 0 72 70 64 0 8 1 FF 0 0 4 0 0 0 0 0 E 50 14 45 55 C3 5 27 1C A 3 A 42 12 49 1D 0 AF 0 0 0 0 12 24 2D 0 3 0 4 23 0 9 5 84 32 2B 14 0 0 10 0 0 0 F E0 0 C 0 7 0 5C 78 0 1C E 5B CC 0 1 50 0 0 0 0 0 0 0 B D0 0 15 0 0 0 0 0 0 0 0 0 0 0 0 0 
END REGISTERS
START REGISTERS
A0 86 1A B 0 52 E4 C0 0 8F 9 2B 23 7 0 0 0 0 0 0 0 0 0 0 4 0 0 25 0 72 70 64 0 8 1 FF 0 0 4 0 0 0 0 0 5 50 14 45 55 C3 5 27 1C A 3 A 42 12 49 1D 0 AF 0 0 0 0 12 24 2D 0 3 0 4 23 0 9 5 84 32 2B 14 0 0 10 0 0 0 F E0 0 C 0 7 0 5C 78 0 1C E 5B CC 0 1 50 0 0 0 0 0 0 0 B D0 0 15 0 0 0 0 0 0 0 0 0 0 0 0 0 
END REGISTERS
START REGISTERS
3C 86 1A B 0 52 E4 C0 0 8F 9 2B 23 1 0 0 0 0 0 0 0 0 0 0 4 0 0 26 0 72 70 64 0 8 1 FF 0 0 4 0 0 0 0 0 D 50 14 45 55 C3 5 27 1C A 3 A 42 12 49 1D 0 AF 0 0 0 0 12 24 2D 0 3 0 4 23 0 9 5 84 32 2B 14 0 0 10 0 0 0 F E0 0 C 0 7 0 5C 78 0 1C E 5B CC 0 1 50 0 0 0 0 0 0 0 B D0 0 15 0 0 0 0 0 0 0 0 0 0 0 0 0 
END REGISTERS
START REGISTERS
96 86 1A B 0 52 E4 C0 0 8F 9 2B 23 2 0 0 0 0 0 0 0 0 0 0 4 0 0 25 0 72 70 64 0 8 1 FF 0 0 4 0 0 0 0 0 E 50 14 45 55 C3 5 27 1C A 3 A 42 12 49 1D 0 AF 0 0 0 0 12 24 2D 0 3 0 4 23 0 9 5 84 32 2B 14 0 0 10 0 0 0 F E0 0 C 0 7 0 5C 78 0 1C E 5B CC 0 1 50 0 0 0 0 0 0 0 B D0 0 15 0 0 0 0 0 0 0 0 0 0 0 0 0 
END REGISTERS
START REGISTERS
4E 86 1A B 0 52 E4 C0 0 8F 9 2B 23 3 0 0 0 0 0 0 0 0 0 0 4 0 0 25 0 72 70 64 0 8 1 FF 0 0 4 0 0 0 0 0 F 50 14 45 55 C3 5 27 1C A 3 A 42 12 49 1D 0 AF 0 0 0 0 12 24 2D 0 3 0 4 23 0 9 5 84 32 2B 14 0 0 10 0 0 0 F E0 0 C 0 7 0 5C 78 0 1C E 5B CC 0 1 50 0 0 0 0 0 0 0 B D0 0 15 0 0 0 0 0 0 0 0 0 0 0 0 0 
END REGISTERS
START REGISTERS
73 86 1A B 0 52 E4 C0 0 8F 9 2B 23 4 0 0 0 0 0 0 0 0 0 0 4 0 0 27 0 72 70 64 0 8 1 FF 0 0 4 0 0 0 0 0 C 50 14 45 55 C3 5 27 1C A 3 A 42 12 49 1D 0 AF 0 0 0 0 12 24 2D 0 3 0 4 23 0 9 5 84 32 2B 14 0 0 10 0 0 0 F E0 0 C 0 7 0 5C 78 0 1C E 5B CC 0 1 50 0 0 0 0 0 0 0 B D0 0 15 0 0 0 0 0 0 0 0 0 0 0 0 0 
END REGISTERS
START REGISTERS
31 86 1A B 0 52 E4 C0 0 8F 9 2B 23 5 0 0 0 0 0 0 0 0 0 0 4 0 0 27 0 72 70 64 0 8 1 FF 0 0 4 0 0 0 0 0 D 50 14 45 55 C3 5 27 1C A 3 A 42 12 49 1D 0 AF 0 0 0 0 12 24 2D 0 3 0 4 23 0 9 5 84 32 2B 14 0 0 10 0 0 0 F E0 0 C 0 7 0 5C 78 0 1C E 5B CC 0 1 50 0 0 0 0 0 0 0 B D0 0 15 0 0 0 0 0 0 0 0 0 0 0 0 0 
END REGISTERS
START REGISTERS
1C 86 1A B 0 52 E4 C0 0 8F 9 2B 23 6 0 0 0 0 0 0 0 0 0 0 4 0 0 27 0 72 70 64 0 8 1 FF 0 0 4 0 0 0 0 0 C 50 14 45 55 C3 5 27 1C A 3 A 42 12 49 1D 0 AF 0 0 0 0 12 24 2D 0 3 0 4 23 0 9 5 84 32 2B 14 0 0 10 0 0 0 F E0 0 C 0 7 0 5C 78 0 1C E 5B CC 0 1 50 0 0 0 0 0 0 0 B D0 0 15 0 0 0 0 0 0 0 0 0 0 0 0 0 
END REGISTERS
START REGISTERS
A0 86 1A B 0 52 E4 C0 0 8F 9 2B 23 7 0 0 0 0 0 0 0 0 0 0 4 0 0 25 0 72 70 64 0 8 1 FF 0 0 4 0 0 0 0 0 F 50 14 45 55 C3 5 27 1C A 3 A 42 12 49 1D 0 AF 0 0 0 0 12 24 2D 0 3 0 4 23 0 9 5 84 32 2B 14 0 0 10 0 0 0 F E0 0 C 0 7 0 5C 78 0 1C E 5B CC 0 1 50 0 0 0 0 0 0 0 B D0 0 15 0 0 0 0 0 0 0 0 0 0 0 0 0 
END REGISTERS
START REGISTERS
3C 86 1A B 0 52 E4 C0 0 8F 9 2B 23 1 0 0 0 0 0 0 0 0 0 0 4 0 0 27 0 72 70 64 0 8 1 FF 0 0 4 0 0 0 0 0 C 50 14 45 55 C3 5 27 1C A 3 A 42 12 49 1D 0 AF 0 0 0 0 12 24 2D 0 3 0 4 23 0 9 5 84 32 2B 14 0 0 10 0 0 0 F E0 0 C 0 7 0 5C 78 0 1C E 5B CC 0 1 50 0 0 0 0 0 0 0 B D0 0 15 0 0 0 0 0 0 0 0 0 0 0 0 0 
END REGISTERS
START REGISTERS
96 86 1A B 0 52 E4 C0 0 8F 9 2B 23 2 0 0 0 0 0 0 0 0 0 0 4 0 0 27 0 72 70 64 0 8 1 FF 0 0 4 0 0 0 0 0 C 50 14 45 55 C3 5 27 1C A 3 A 42 12 49 1D 0 AF 0 0 0 0 12 24 2D 0 3 0 4 23 0 9 5 84 32 2B 14 0 0 10 0 0 0 F E0 0 C 0 7 0 5C 78 0 1C E 5B CC 0 1 50 0 0 0 0 0 0 0 B D0 0 15 0 0 0 0 0 0 0 0 0 0 0 0 0 
END REGISTERS
START REGISTERS
4E 86 1A B 0 52 E4 C0 0 8F 9 2B 23 3 0 0 0 0 0 0 0 0 0 0 4 0 0 27 0 72 70 64 0 8 1 FF 0 0 4 0 0 0 0 0 C 50 14 45 55 C3 5 27 1C A 3 A 42 12 49 1D 0 AF 0 0 0 0 12 24 2D 0 3 0 4 23 0 9 5 84 32 2B 14 0 0 10 0 0 0 F E0 0 C 0 7 0 5C 78 0 1C E 5B CC 0 1 50 0 0 0 0 0 0 0 B D0 0 15 0 0 0 0 0 0 0 0 0 0 0 0 0 
END REGISTERS
START REGISTERS
73 86 1A B 0 52 E4 C0 0 8F 9 2B 23 4 0 0 0 0 0 0 0 0 0 0 4 0 0 25 0 72 70 64 0 8 1 FF 0 0 4 0 0 0 0 0 C 50 14 45 55 C3 5 27 1C A 3 A 42 12 49 1D 0 AF 0 0 0 0 12 24 2D 0 3 0 4 23 0 9 5 84 32 2B 14 0 0 10 0 0 0 F E0 0 C 0 7 0 5C 78 0 1C E 5B CC 0 1 50 0 0 0 0 0 0 0 B D0 0 15 0 0 0 0 0 0 0 0 0 0 0 